"DateTime","Container","Dry Bulk","General Cargo","Roll-on/roll-off","Tanker","7-day Moving Average","Prior Year: 7-day Moving Average"
"2019-01-01 00:00:00",433013,182763,6267,0,0,,
"2019-01-02 00:00:00",153314,442725,4744,0,0,,
"2019-01-03 00:00:00",93716,134359,3895,0,543555,,
"2019-01-04 00:00:00",531447,143416,14872,0,0,,
"2019-01-05 00:00:00",458236,438957,12358,0,284522,,
"2019-01-06 00:00:00",206843,124672,8600,156,0,,
"2019-01-07 00:00:00",934288,304764,9823,0,420054,841623.7142857143,
"2019-01-08 00:00:00",136533,102871,834,0,38170,792533,
"2019-01-09 00:00:00",228368,404836,2372,0,393155,853668.4285714285,
"2019-01-10 00:00:00",386767,44237,2372,0,10699,806318.4285714285,
"2019-01-11 00:00:00",191828,263788,27443,156,1563,777039,
"2019-01-12 00:00:00",272849,306740,7346,0,178202,715762.5714285715,
"2019-01-13 00:00:00",765256,310510,8341,156,0,822047,
"2019-01-14 00:00:00",566746,265970,16162,0,0,704897,
"2019-01-15 00:00:00",154025,68373,26710,0,335537,748645.2857142857,
"2019-01-16 00:00:00",280141,199828,2372,0,291394,712217.2857142857,
"2019-01-17 00:00:00",964877,327832,12642,0,174020,860116.5714285715,
"2019-01-18 00:00:00",585144,248982,0,156,466770,976726.8571428572,
"2019-01-19 00:00:00",632809,203683,10085,0,99430,1002565.4285714285,
"2019-01-20 00:00:00",467295,360349,17280,0,17573,970884.7142857143,
"2019-01-21 00:00:00",662490,286785,0,0,311579,1029738.4285714285,
"2019-01-22 00:00:00",257261,289832,15333,2503,202909,1055909,
"2019-01-23 00:00:00",514881,406547,32765,0,92690,1094930.142857143,
"2019-01-24 00:00:00",202270,0,5098,0,101308,927688,
"2019-01-25 00:00:00",105714,255635,3204,0,270518,832548,
"2019-01-26 00:00:00",127217,150600,8345,156,258935,775297.4285714285,
"2019-01-27 00:00:00",260311,117509,2372,0,168462,730462.5714285715,
"2019-01-28 00:00:00",470062,25903,3568,0,296040,663994,
"2019-01-29 00:00:00",120389,138149,1672,0,264601,629275.7142857143,
"2019-01-30 00:00:00",217017,656770,8727,0,85277,617976.8571428572,
"2019-01-31 00:00:00",72671,0,23861,0,363236,639561.4285714285,
"2019-02-01 00:00:00",512842,197102,13196,156,35946,657300.1428571428,
"2019-02-02 00:00:00",1111450,23249,3429,0,4616,742655.8571428572,
"2019-02-03 00:00:00",136836,338085,4813,0,120714,750055.1428571428,
"2019-02-04 00:00:00",185998,16941,26734,0,434001,731212.2857142857,
"2019-02-05 00:00:00",123599,146412,2372,0,85400,707351,
"2019-02-06 00:00:00",311404,65767,933,0,20201,625996,
"2019-02-07 00:00:00",29074,0,972,0,263150,602200,
"2019-02-08 00:00:00",216080,118082,0,0,137691,561144.4285714285,
"2019-02-09 00:00:00",88704,258787,3673,156,272427,487002,
"2019-02-10 00:00:00",104647,0,0,0,297811,458717.71428571426,
"2019-02-11 00:00:00",315356,181902,15967,0,3300,437696.5714285714,
"2019-02-12 00:00:00",460338,362724,17948,0,184097,533028.5714285715,
"2019-02-13 00:00:00",259139,170410,15385,0,354289,590302.4285714285,
"2019-02-14 00:00:00",224672,362450,0,0,128041,650583.4285714285,
"2019-02-15 00:00:00",382009,273841,2460,0,273026,716224,
"2019-02-16 00:00:00",384537,382680,5944,156,100832,751995.8571428572,
"2019-02-17 00:00:00",247924,305301,3483,156,129634,792573.1428571428,
"2019-02-18 00:00:00",349031,199190,1862,0,302137,840529.4285714285,
"2019-02-19 00:00:00",338138,0,2372,156,342748,791716,
"2019-02-20 00:00:00",568499,184730,13949,500,21521,790284.1428571428,
"2019-02-21 00:00:00",418350,390114,14925,156,4940,806473,
"2019-02-22 00:00:00",488792,370587,164,0,15998,798502.1428571428,
"2019-02-23 00:00:00",267007,73818,16933,0,132948,743724.5714285715,
"2019-02-24 00:00:00",240974,223977,5654,0,0,712882.7142857143,
"2019-02-25 00:00:00",297273,72877,7525,0,387261,700413.5714285715,
"2019-02-26 00:00:00",94987,338923,7116,0,137840,685478.4285714285,
"2019-02-27 00:00:00",73630,247051,5555,0,262924,656901.2857142857,
"2019-02-28 00:00:00",154351,234238,5096,0,140065,614796.4285714285,
"2019-03-01 00:00:00",256221,74508,17261,156,167169,563335.7142857143,
"2019-03-02 00:00:00",757881,147480,7375,0,211782,653880.2857142857,
"2019-03-03 00:00:00",305386,337386,3367,2264,10100,680723,
"2019-03-04 00:00:00",181755,0,4744,0,233924,631506.8571428572,
"2019-03-05 00:00:00",202366,25891,9125,0,306853,626559.5714285715,
"2019-03-06 00:00:00",379801,228448,11387,0,205310,660243.2857142857,
"2019-03-07 00:00:00",169655,164231,2372,0,5897,632872.4285714285,
"2019-03-08 00:00:00",342450,72653,7526,156,16980,622079.4285714285,
"2019-03-09 00:00:00",227007,146754,18096,0,514783,590953.8571428572,
"2019-03-10 00:00:00",413497,173628,8044,156,742,582034.1428571428,
"2019-03-11 00:00:00",502934,393625,6527,0,114204,667301,
"2019-03-12 00:00:00",357878,229012,1489,0,281095,713763.5714285715,
"2019-03-13 00:00:00",51458,250457,4460,0,268228,678000.4285714285,
"2019-03-14 00:00:00",224830,141416,9306,0,934,682904.8571428572,
"2019-03-15 00:00:00",141937,56037,0,0,379558,702585.8571428572,
"2019-03-16 00:00:00",681786,171630,3653,0,613,695592,
"2019-03-17 00:00:00",451536,35353,3058,156,229645,713260.8571428572,
"2019-03-18 00:00:00",86382,76373,16116,0,35746,598593.1428571428,
"2019-03-19 00:00:00",199499,592787,4757,0,274089,627401.4285714285,
"2019-03-20 00:00:00",184446,55440,19905,0,0,582428.1428571428,
"2019-03-21 00:00:00",91254,242787,2372,0,212808,607104.5714285715,
"2019-03-22 00:00:00",67479,329840,0,0,42901,587488.5714285715,
"2019-03-23 00:00:00",227754,144532,4744,0,609742,605929.8571428572,
"2019-03-24 00:00:00",305735,61536,10572,0,120730,574333.4285714285,
"2019-03-25 00:00:00",206746,426713,8309,5530,265751,674109.4285714285,
"2019-03-26 00:00:00",231075,60480,9390,0,261794,601481.7142857143,
"2019-03-27 00:00:00",329009,52826,3606,0,0,619431.7142857143,
"2019-03-28 00:00:00",380573,0,7278,0,314013,641237.7142857143,
"2019-03-29 00:00:00",150702,348929,7002,156,0,650747.5714285715,
"2019-03-30 00:00:00",295378,87236,4744,0,0,565117,
"2019-03-31 00:00:00",1064527,355704,6960,156,254059,734093.1428571428,
"2019-04-01 00:00:00",425309,169066,12637,0,199511,718875.2857142857,
"2019-04-02 00:00:00",427486,407771,17262,0,36253,765451.7142857143,
"2019-04-03 00:00:00",262624,106827,0,0,8462,764376.4285714285,
"2019-04-04 00:00:00",77253,78488,1875,0,32781,691310,
"2019-04-05 00:00:00",326194,321212,0,0,10100,712841,
"2019-04-06 00:00:00",512734,217625,2372,0,272588,801121,
"2019-04-07 00:00:00",0,0,634,0,0,561010.4285714285,
"2019-04-08 00:00:00",844899,159019,4922,0,0,589912.7142857143,
"2019-04-09 00:00:00",245033,157248,2562,0,270507,559423.8571428572,
"2019-04-10 00:00:00",471181,171585,15630,0,403879,657189.8571428572,
"2019-04-11 00:00:00",60652,174523,3097,0,134363,683223.8571428572,
"2019-04-12 00:00:00",146145,358866,4254,0,269674,700571.5714285715,
"2019-04-13 00:00:00",244333,110880,15720,754,114895,626466.4285714285,
"2019-04-14 00:00:00",345679,38335,2518,0,431793,743279.4285714285,
"2019-04-15 00:00:00",122497,66154,0,0,0,626109.4285714285,
"2019-04-16 00:00:00",549649,0,1672,0,9846,609797.4285714285,
"2019-04-17 00:00:00",902565,321352,9891,0,0,634302,
"2019-04-18 00:00:00",210252,56015,9586,0,561881,700744.7142857143,
"2019-04-19 00:00:00",244277,153589,5730,0,22037,650272.5714285715,
"2019-04-20 00:00:00",355529,395652,5031,0,437247,751255,
"2019-04-21 00:00:00",550078,21731,2254,0,0,716360.7142857143,
"2019-04-22 00:00:00",0,144532,0,0,0,710058,
"2019-04-23 00:00:00",382160,257756,0,0,0,721307.8571428572,
"2019-04-24 00:00:00",348883,281393,34839,0,152833,661899.2857142857,
"2019-04-25 00:00:00",200300,91213,1443,0,273874,623198.7142857143,
"2019-04-26 00:00:00",230322,182485,1591,0,0,621593.4285714285,
"2019-04-27 00:00:00",665738,311680,291,0,336817,638888.7142857143,
"2019-04-28 00:00:00",195204,199201,0,0,131988,632078.5714285715,
"2019-04-29 00:00:00",164493,55440,18125,0,0,645439.4285714285,
"2019-04-30 00:00:00",97431,0,0,0,0,567941.4285714285,
"2019-05-01 00:00:00",32363,112492,0,0,0,471785.28571428574,
"2019-05-02 00:00:00",573617,468973,23590,0,277680,582789.4285714285,
"2019-05-03 00:00:00",448952,0,10599,0,0,589239.8571428572,
"2019-05-04 00:00:00",314699,101228,2796,0,343585,510351.5714285714,
"2019-05-05 00:00:00",306518,382803,2921,0,97125,547919.5714285715,
"2019-05-06 00:00:00",227282,223573,2884,0,335446,626652.2857142857,
"2019-05-07 00:00:00",471309,198290,319,0,380417,762781.5714285715,
"2019-05-08 00:00:00",400330,79502,11822,0,0,812324.4285714285,
"2019-05-09 00:00:00",298628,217272,3824,0,328710,741549.2857142857,
"2019-05-10 00:00:00",492947,205516,24061,0,7940,780251.2857142857,
"2019-05-11 00:00:00",106805,0,154,0,11105,688216.4285714285,
"2019-05-12 00:00:00",69590,191369,2372,0,108700,628596.5714285715,
"2019-05-13 00:00:00",595044,242532,4013,0,108293,651553.1428571428,
"2019-05-14 00:00:00",296778,35900,0,0,7285,550071.4285714285,
"2019-05-15 00:00:00",209324,194534,33209,156,13761,544261.4285714285,
"2019-05-16 00:00:00",156346,309850,13784,0,0,491625.28571428574,
"2019-05-17 00:00:00",134290,69075,5087,0,127050,435202.14285714284,
"2019-05-18 00:00:00",159730,196671,14180,0,172151,495869,
"2019-05-19 00:00:00",220212,242279,22953,0,0,512071,
"2019-05-20 00:00:00",609464,64649,4517,0,0,473320.71428571426,
"2019-05-21 00:00:00",203128,265801,10368,156,64837,502510.4285714286,
"2019-05-22 00:00:00",111519,180454,357,0,89852,492681.5714285714,
"2019-05-23 00:00:00",68126,311268,18378,0,114217,497254.14285714284,
"2019-05-24 00:00:00",439082,90871,2372,0,127050,543521.7142857143,
"2019-05-25 00:00:00",161432,80152,2372,3780,107051,516672.5714285714,
"2019-05-26 00:00:00",46512,0,15697,0,0,456210.4285714286,
"2019-05-27 00:00:00",496684,68060,6260,0,253896,477106.14285714284,
"2019-05-28 00:00:00",1499554,285609,982,0,281195,694684.7142857143,
"2019-05-29 00:00:00",101824,56123,2512,0,8305,664196.4285714285,
"2019-05-30 00:00:00",422567,145873,25534,0,281994,716193.2857142857,
"2019-05-31 00:00:00",130035,0,32607,0,0,645231.2857142857,
"2019-06-01 00:00:00",197727,319838,2372,156,8585,670072.7142857143,
"2019-06-02 00:00:00",574187,60740,5163,0,23535,755989.2857142857,
"2019-06-03 00:00:00",155819,110880,0,0,0,676246.1428571428,
"2019-06-04 00:00:00",1241681,275359,2493,0,1865,598254.2857142857,
"2019-06-05 00:00:00",0,0,0,0,101963,588711,
"2019-06-06 00:00:00",419571,391374,4744,0,1926,580375,
"2019-06-07 00:00:00",117715,334262,5138,0,355396,673213.4285714285,
"2019-06-08 00:00:00",271804,86619,0,0,99473,663101.7142857143,
"2019-06-09 00:00:00",420720,40833,4430,0,178365,660347.8571428572,
"2019-06-10 00:00:00",152545,410715,13522,0,200,704674.1428571428,
"2019-06-11 00:00:00",1287428,237154,9902,0,0,706543.7142857143,
"2019-06-12 00:00:00",282875,183832,6984,0,128068,777943.1428571428,
"2019-06-13 00:00:00",93061,228414,3312,0,98978,721678.8571428572,
"2019-06-14 00:00:00",67753,413435,9927,0,280833,715884.2857142857,
"2019-06-15 00:00:00",320516,121373,2372,0,0,713936.2857142857,
"2019-06-16 00:00:00",309061,175119,0,0,273868,730179.2857142857,
"2019-06-17 00:00:00",453985,430748,14908,0,0,776273.4285714285,
"2019-06-18 00:00:00",431952,214619,2372,0,273181,688793.4285714285,
"2019-06-19 00:00:00",250223,0,4744,0,10699,640780.4285714285,
"2019-06-20 00:00:00",215915,77662,3909,0,48379,629652,
"2019-06-21 00:00:00",81322,211756,0,0,0,561241.7142857143,
"2019-06-22 00:00:00",582075,167280,13606,0,444219,670230.4285714285,
"2019-06-23 00:00:00",279232,144809,38810,0,11091,629643.8571428572,
"2019-06-24 00:00:00",254111,242309,8187,0,11246,574817.2857142857,
"2019-06-25 00:00:00",180107,55440,5931,0,192428,505071.71428571426,
"2019-06-26 00:00:00",420316,284743,7676,0,218588,600165.4285714285,
"2019-06-27 00:00:00",71777,84385,15612,0,20921,578283.7142857143,
"2019-06-28 00:00:00",17197,407998,3090,0,9421,598945.1428571428,
"2019-06-29 00:00:00",119289,240235,6013,0,178604,504225.28571428574,
"2019-06-30 00:00:00",520853,277265,4744,156,14544,553313.7142857143,
"2019-07-01 00:00:00",211968,227110,0,156,266354,580418.5714285715,
"2019-07-02 00:00:00",582733,169912,32289,0,261117,667868.1428571428,
"2019-07-03 00:00:00",271765,324777,5274,0,90116,633669.4285714285,
"2019-07-04 00:00:00",59810,168496,15423,156,271141,679716.8571428572,
"2019-07-05 00:00:00",62231,68731,12101,0,5897,638467.2857142857,
"2019-07-06 00:00:00",245139,360546,15918,0,111940,665524.7142857143,
"2019-07-07 00:00:00",572993,118653,2964,0,10100,649403,
"2019-07-08 00:00:00",584122,55440,0,0,213435,670461.1428571428,
"2019-07-09 00:00:00",442616,187481,0,0,351842,661302,
"2019-07-10 00:00:00",293243,354801,20117,0,95669,671573.2857142857,
"2019-07-11 00:00:00",177334,206706,36094,0,98473,672084.8571428572,
"2019-07-12 00:00:00",29311,232691,705,156,0,688356.8571428572,
"2019-07-13 00:00:00",846531,241048,3160,0,206077,768824.2857142857,
"2019-07-14 00:00:00",178353,234002,9530,0,0,728420.7142857143,
"2019-07-15 00:00:00",91458,429939,0,0,104677,696003.4285714285,
"2019-07-16 00:00:00",286615,31064,5221,0,130450,620490.7142857143,
"2019-07-17 00:00:00",117636,174372,20405,0,34041,560865.5714285715,
"2019-07-18 00:00:00",124299,55440,0,359,406887,570633.8571428572,
"2019-07-19 00:00:00",221561,369166,13772,0,0,619438.8571428572,
"2019-07-20 00:00:00",365706,84441,2372,0,86843,511231.14285714284,
"2019-07-21 00:00:00",84840,101113,12962,0,0,479378.28571428574,
"2019-07-22 00:00:00",883277,179897,2372,0,127792,560415.8571428572,
"2019-07-23 00:00:00",118003,291925,0,457,0,554278,
"2019-07-24 00:00:00",429228,90891,5758,0,0,579909.5714285715,
"2019-07-25 00:00:00",115919,88002,4744,489,105264,540971.5714285715,
"2019-07-26 00:00:00",527820,217776,5824,0,292975,603813.8571428572,
"2019-07-27 00:00:00",535677,0,12062,0,0,605010.4285714285,
"2019-07-28 00:00:00",407900,230584,0,0,137151,687399,
"2019-07-29 00:00:00",160548,200625,6275,0,61646,578221.4285714285,
"2019-07-30 00:00:00",453579,382924,11533,0,198,640771.4285714285,
"2019-07-31 00:00:00",199987,396225,13678,0,77245,663808.5714285715,
"2019-08-01 00:00:00",671821,298940,14346,0,358730,810868.2857142857,
"2019-08-02 00:00:00",153417,134345,6447,0,0,703698.8571428572,
"2019-08-03 00:00:00",173836,374821,16215,156,21130,709187.5714285715,
"2019-08-04 00:00:00",693488,436162,26739,0,276827,803127.7142857143,
"2019-08-05 00:00:00",1092558,71729,2590,0,128334,926858.5714285715,
"2019-08-06 00:00:00",485526,376789,23870,0,33843,937114.8571428572,
"2019-08-07 00:00:00",87039,74745,1672,0,98043,876309.5714285715,
"2019-08-08 00:00:00",163639,133757,13587,0,0,728759,
"2019-08-09 00:00:00",92554,64965,3125,156,35339,714749,
"2019-08-10 00:00:00",0,0,1672,0,0,631250.7142857143,
"2019-08-11 00:00:00",0,0,0,156,0,426527.71428571426,
"2019-08-12 00:00:00",500858,562727,6417,0,32781,399038,
"2019-08-13 00:00:00",193559,176247,21125,156,460776,389300.14285714284,
"2019-08-14 00:00:00",789239,250448,10460,0,0,501964.14285714284,
"2019-08-15 00:00:00",198931,59492,2698,0,157858,517392.14285714284,
"2019-08-16 00:00:00",230216,366501,10683,0,111731,592105.2857142857,
"2019-08-17 00:00:00",91674,202083,12230,0,137268,655188.8571428572,
"2019-08-18 00:00:00",396566,471795,17455,0,0,781711.7142857143,
"2019-08-19 00:00:00",119847,183101,23401,156,684268,768567.4285714285,
"2019-08-20 00:00:00",698977,238354,2372,0,643829,873091.5714285715,
"2019-08-21 00:00:00",362003,314189,4837,0,111378,836271.5714285715,
"2019-08-22 00:00:00",577321,244841,8602,0,261507,932456.2857142857,
"2019-08-23 00:00:00",104529,110880,14489,0,11917,864268.4285714285,
"2019-08-24 00:00:00",222227,166001,11713,0,255636,894599.8571428572,
"2019-08-25 00:00:00",120640,220835,8278,0,69419,827936.7142857143,
"2019-08-26 00:00:00",154386,375868,2970,0,315870,804839.8571428572,
"2019-08-27 00:00:00",693653,0,4456,0,113068,694503.2857142857,
"2019-08-28 00:00:00",367746,231893,0,0,274164,706131.2857142857,
"2019-08-29 00:00:00",48076,279238,6958,0,0,597845.5714285715,
"2019-08-30 00:00:00",72506,204888,0,0,160616,625873.2857142857,
"2019-08-31 00:00:00",248967,333319,3884,0,15998,618243.7142857143,
"2019-09-01 00:00:00",201309,7506,8912,156,291090,631072.2857142857,
"2019-09-02 00:00:00",519063,184419,18322,0,12067,614611.7142857143,
"2019-09-03 00:00:00",445536,586408,2372,0,1334,646679.4285714285,
"2019-09-04 00:00:00",367706,100357,5138,0,180556,615244.2857142857,
"2019-09-05 00:00:00",77218,249892,2372,0,10100,616002.8571428572,
"2019-09-06 00:00:00",66107,167898,0,0,32781,591542.1428571428,
"2019-09-07 00:00:00",165237,117158,2985,0,60915,554988.7142857143,
"2019-09-08 00:00:00",325738,408553,4824,0,142582,608235,
"2019-09-09 00:00:00",198328,358932,7910,156,113199,600328.5714285715,
"2019-09-10 00:00:00",320684,241621,4044,0,327870,580124.1428571428,
"2019-09-11 00:00:00",80911,213588,937,0,85535,541154.7142857143,
"2019-09-12 00:00:00",206055,323422,15940,0,173225,595306.1428571428,
"2019-09-13 00:00:00",421717,260421,8558,0,177702,681250.8571428572,
"2019-09-14 00:00:00",87288,184253,0,0,38561,676080.5714285715,
"2019-09-15 00:00:00",824724,274486,4984,0,130357,726488.4285714285,
"2019-09-16 00:00:00",784919,257166,16018,0,5897,781556.2857142857,
"2019-09-17 00:00:00",439441,169795,9324,0,206545,771682.8571428572,
"2019-09-18 00:00:00",321579,85820,4044,156,275369,815396.8571428572,
"2019-09-19 00:00:00",605460,160627,8648,0,272044,862273.5714285715,
"2019-09-20 00:00:00",110312,332643,14485,156,272082,842456.5714285715,
"2019-09-21 00:00:00",402969,174902,10947,0,294597,924358.4285714285,
"2019-09-22 00:00:00",261331,174883,1672,0,0,810549,
"2019-09-23 00:00:00",121688,169586,7377,156,153290,723134.2857142857,
"2019-09-24 00:00:00",408587,67085,1972,0,393721,729742.7142857143,
"2019-09-25 00:00:00",154232,339375,673,0,11165,703810.8571428572,
"2019-09-26 00:00:00",430939,106697,3714,0,116016,648180.5714285715,
"2019-09-27 00:00:00",312296,494437,4973,0,140072,679909,
"2019-09-28 00:00:00",106590,88172,2372,0,107296,597196.7142857143,
"2019-09-29 00:00:00",125931,46132,16951,156,146797,582637,
"2019-09-30 00:00:00",873013,171158,8741,156,252072,704500.2857142857,
"2019-10-01 00:00:00",149178,240847,11424,0,273924,676501.4285714285,
"2019-10-02 00:00:00",445857,178395,6707,156,276409,733941.2857142857,
"2019-10-03 00:00:00",404059,155004,7198,0,102811,735613.4285714285,
"2019-10-04 00:00:00",215727,329855,18556,0,339874,728789.8571428572,
"2019-10-05 00:00:00",88381,0,18482,0,82998,712422.7142857143,
"2019-10-06 00:00:00",0,235003,17938,0,49702,707662,
"2019-10-07 00:00:00",290186,217564,22364,0,706033,697805.8571428572,
"2019-10-08 00:00:00",480496,316057,1808,0,0,715375.5714285715,
"2019-10-09 00:00:00",1018610,75700,25640,312,127941,764043.8571428572,
"2019-10-10 00:00:00",373155,310650,6432,0,281490,807280.4285714285,
"2019-10-11 00:00:00",216301,180623,2351,0,0,735175.1428571428,
"2019-10-12 00:00:00",130078,254775,18166,0,105820,780743.7142857143,
"2019-10-13 00:00:00",285635,366167,3369,0,2044,831397,
"2019-10-14 00:00:00",564807,128307,6885,0,253574,791029.1428571428,
"2019-10-15 00:00:00",575986,427414,14617,312,0,822453.2857142857,
"2019-10-16 00:00:00",176449,46689,6666,0,0,676967.7142857143,
"2019-10-17 00:00:00",133017,125291,3125,0,5897,576339.4285714285,
"2019-10-18 00:00:00",92100,33817,16338,0,237668,573574.7142857143,
"2019-10-19 00:00:00",104739,35075,12463,0,162358,545831.2857142857,
"2019-10-20 00:00:00",205303,164907,23807,0,10100,509674.4285714286,
"2019-10-21 00:00:00",351639,180898,15468,0,352078,502033.14285714284,
"2019-10-22 00:00:00",502304,0,4225,0,103539,443710,
"2019-10-23 00:00:00",478484,155684,15047,0,478155,571933.7142857143,
"2019-10-24 00:00:00",482548,261573,1484,0,229933,673106.2857142857,
"2019-10-25 00:00:00",134393,220453,0,0,160029,692385.1428571428,
"2019-10-26 00:00:00",551663,325705,2372,0,0,773114.2857142857,
"2019-10-27 00:00:00",131053,250842,0,156,149292,791289.4285714285,
"2019-10-28 00:00:00",168236,307306,2830,0,229106,763774.4285714285,
"2019-10-29 00:00:00",768603,134608,11215,0,286727,848215,
"2019-10-30 00:00:00",157084,91731,0,0,264061,760430.2857142857,
"2019-10-31 00:00:00",141595,170558,0,0,86822,678064.1428571428,
"2019-11-01 00:00:00",875808,101734,3644,156,10938,746264.8571428572,
"2019-11-02 00:00:00",483595,134222,25766,0,151183,734125.7142857143,
"2019-11-03 00:00:00",265978,351568,16146,0,311368,793228,
"2019-11-04 00:00:00",333213,86604,5111,0,402577,810374.4285714285,
"2019-11-05 00:00:00",160183,1109,7069,0,143511,683334.5714285715,
"2019-11-06 00:00:00",374453,88780,22753,0,327778,726318.4285714285,
"2019-11-07 00:00:00",245162,91333,0,0,145606,738193.5714285715,
"2019-11-08 00:00:00",304158,447441,0,0,164814,727355.4285714285,
"2019-11-09 00:00:00",159409,221413,17720,0,198451,699102.1428571428,
"2019-11-10 00:00:00",401315,260572,7121,0,0,659666.1428571428,
"2019-11-11 00:00:00",392602,276857,8480,0,507169,710752.5714285715,
"2019-11-12 00:00:00",259513,223911,14776,0,5897,738213.1428571428,
"2019-11-13 00:00:00",802682,143196,4419,156,0,757740.1428571428,
"2019-11-14 00:00:00",360809,258635,10733,0,28332,782941.4285714285,
"2019-11-15 00:00:00",224941,142724,30609,0,18366,711545.4285714285,
"2019-11-16 00:00:00",261554,342667,6932,0,613,713655.8571428572,
"2019-11-17 00:00:00",85837,55440,2372,0,137151,658197.5714285715,
"2019-11-18 00:00:00",379314,482987,0,0,5897,612924.5714285715,
"2019-11-19 00:00:00",48115,238187,12485,0,0,583594.5714285715,
"2019-11-20 00:00:00",271151,11832,16714,0,557868,570324.8571428572,
"2019-11-21 00:00:00",677945,0,0,0,5897,573943.7142857143,
"2019-11-22 00:00:00",141938,189640,7143,0,548992,641239.8571428572,
"2019-11-23 00:00:00",437883,307314,8217,0,138067,681199.2857142857,
"2019-11-24 00:00:00",261468,0,0,0,0,678437.4285714285,
"2019-11-25 00:00:00",151420,203981,6602,0,21256,609160.4285714285,
"2019-11-26 00:00:00",85161,71269,9872,0,220306,621706.2857142857,
"2019-11-27 00:00:00",363567,371664,30671,0,7522,609686.1428571428,
"2019-11-28 00:00:00",378823,207674,272,0,138150,615554.2857142857,
"2019-11-29 00:00:00",110747,175038,6598,0,374419,583995.5714285715,
"2019-11-30 00:00:00",335813,126414,0,0,13115,524547,
"2019-12-01 00:00:00",423886,308019,5135,0,145037,613205.5714285715,
"2019-12-02 00:00:00",967747,412620,2372,0,281490,796201.2857142857,
"2019-12-03 00:00:00",330277,229075,27483,0,10100,826248,
"2019-12-04 00:00:00",212129,94830,3769,156,0,760170.8571428572,
"2019-12-05 00:00:00",604209,452810,19454,0,157313,832866.2857142857,
"2019-12-06 00:00:00",84883,7313,18839,0,101647,767992,
"2019-12-07 00:00:00",365230,121917,22753,0,0,772928.8571428572,
"2019-12-08 00:00:00",100183,257031,0,0,0,697948.4285714285,
"2019-12-09 00:00:00",82537,170978,3116,0,16612,499236.28571428574,
"2019-12-10 00:00:00",254743,317540,9488,156,137151,516685.5714285714,
"2019-12-11 00:00:00",173987,31805,1322,0,283342,542338.8571428572,
"2019-12-12 00:00:00",524109,54211,7116,0,153763,471683.5714285714,
"2019-12-13 00:00:00",186110,284112,0,0,318622,553992.2857142857,
"2019-12-14 00:00:00",261102,144532,13795,0,549778,619607.5714285715,
"2019-12-15 00:00:00",61435,36680,4744,0,61327,592032.2857142857,
"2019-12-16 00:00:00",1057544,308227,4744,0,269803,787328.5714285715,
"2019-12-17 00:00:00",383229,110880,18294,0,55136,765679.8571428572,
"2019-12-18 00:00:00",250425,230043,10353,156,12467,767535.1428571428,
"2019-12-19 00:00:00",611825,288070,8044,0,12467,793421.8571428572,
"2019-12-20 00:00:00",223592,263176,12318,0,406831,810146.8571428572,
"2019-12-21 00:00:00",264866,263055,4744,0,136857,767334.5714285715,
"2019-12-22 00:00:00",160464,222699,1322,0,389977,854516.8571428572,
"2019-12-23 00:00:00",502643,226126,4744,156,613,725083.1428571428,
"2019-12-24 00:00:00",118733,432687,24513,0,10100,727725.2857142857,
"2019-12-25 00:00:00",219916,176669,4744,0,98527,727212.7142857143,
"2019-12-26 00:00:00",330305,376625,6926,0,320092,743432.8571428572,
"2019-12-27 00:00:00",175622,310852,6417,0,206011,713859,
"2019-12-28 00:00:00",354492,205389,2372,0,363801,750506.7142857143,
"2019-12-29 00:00:00",204217,203591,34159,0,448765,767116.5714285715,
"2019-12-30 00:00:00",156906,271883,0,0,242753,758153.8571428572,
"2019-12-31 00:00:00",190602,248674,2372,1406,129519,756230.8571428572,
"2020-01-01 00:00:00",323469,262726,16293,0,433018,832752.1428571428,
"2020-01-02 00:00:00",699376,253079,0,0,11185,822708.1428571428,
"2020-01-03 00:00:00",59540,163826,3266,0,674,755337.2857142857,
"2020-01-04 00:00:00",140565,359545,5857,0,90650,708274.7142857143,
"2020-01-05 00:00:00",519287,341170,4715,0,127050,722773.4285714285,
"2020-01-06 00:00:00",1525926,188660,958,156,95881,885636.1428571428,
"2020-01-07 00:00:00",103613,55440,2372,0,281034,867048.4285714285,841623.7142857143
"2020-01-08 00:00:00",318967,298744,6138,0,11725,809915.4285714285,792533
"2020-01-09 00:00:00",189507,328257,195,0,69036,756109.1428571428,853668.4285714285
"2020-01-10 00:00:00",385472,489460,4353,0,338630,897624.7142857143,806318.4285714285
"2020-01-11 00:00:00",84081,133465,5372,0,127050,862389.2857142857,777039
"2020-01-12 00:00:00",575678,94892,15166,0,33817,823436.4285714285,715762.5714285715
"2020-01-13 00:00:00",276522,409025,8214,0,292434,705524.1428571428,822047
"2020-01-14 00:00:00",189210,347314,12456,0,100522,735101.7142857143,704897
"2020-01-15 00:00:00",283622,310852,7116,0,376929,784093.8571428572,748645.2857142857
"2020-01-16 00:00:00",130300,436895,9569,0,10100,784075.1428571428,712217.2857142857
"2020-01-17 00:00:00",269943,199455,122,0,266849,715282.8571428572,860116.5714285715
"2020-01-18 00:00:00",372452,238396,2372,0,0,752890.1428571428,976726.8571428572
"2020-01-19 00:00:00",92269,141679,6101,0,695283,783715.8571428572,1002565.4285714285
"2020-01-20 00:00:00",67758,206517,7921,0,1112,683303.2857142857,970884.7142857143
"2020-01-21 00:00:00",160194,203589,6733,0,39371,649072.5714285715,1029738.4285714285
"2020-01-22 00:00:00",60042,218064,30376,0,282714,593740.7142857143,1055909
"2020-01-23 00:00:00",542878,311964,5379,0,108106,648235.4285714285,1094930.142857143
"2020-01-24 00:00:00",69008,5198,0,0,10100,555083.5714285715,927688
"2020-01-25 00:00:00",137963,124446,0,0,290878,546521.7142857143,832548
"2020-01-26 00:00:00",138727,490189,6334,0,122405,521139.14285714284,775297.4285714285
"2020-01-27 00:00:00",1004514,127332,0,0,144999,663072.8571428572,730462.5714285715
"2020-01-28 00:00:00",258228,301423,14185,0,742,686600.1428571428,663994
"2020-01-29 00:00:00",149945,154762,0,0,0,645673,629275.7142857143
"2020-01-30 00:00:00",491776,89726,0,0,5897,591254.5714285715,617976.8571428572
"2020-01-31 00:00:00",325075,77148,8273,0,154591,659937.5714285715,639561.4285714285
"2020-02-01 00:00:00",290889,105724,0,0,0,637555.4285714285,657300.1428571428
"2020-02-02 00:00:00",564434,204534,21897,0,12772,644124.4285714285,742655.8571428572
"2020-02-03 00:00:00",586399,280915,4532,0,134960,605547.5714285715,750055.1428571428
"2020-02-04 00:00:00",401231,105694,10468,0,6605,598322,731212.2857142857
"2020-02-05 00:00:00",274661,5560,0,0,11637,596486.5714285715,707351
"2020-02-06 00:00:00",76934,475462,26194,0,109383,610854.2857142857,625996
"2020-02-07 00:00:00",271797,0,7178,0,0,569981.1428571428,602200
"2020-02-08 00:00:00",370201,260126,0,0,239658,637605.8571428572,561144.4285714285
"2020-02-09 00:00:00",172759,28673,2541,0,110050,567660.8571428572,487002
"2020-02-10 00:00:00",752189,140675,3731,0,0,551916.4285714285,458717.71428571426
"2020-02-11 00:00:00",351351,131409,15662,0,10100,549705.4285714285,437696.5714285714
"2020-02-12 00:00:00",51410,207185,7135,0,363495,597900.7142857143,533028.5714285715
"2020-02-13 00:00:00",87538,0,2372,0,274955,551742.4285714285,590302.4285714285
"2020-02-14 00:00:00",297278,562214,0,0,42809,640789,650583.4285714285
"2020-02-15 00:00:00",82273,0,581,0,0,528341.7142857143,716224
"2020-02-16 00:00:00",180732,101811,1659,0,110222,539827.5714285715,751995.8571428572
"2020-02-17 00:00:00",361217,190432,0,0,163676,513931.85714285716,792573.1428571428
"2020-02-18 00:00:00",220990,104857,12754,0,272695,528614,840529.4285714285
"2020-02-19 00:00:00",428709,206953,3128,0,426809,590953.1428571428,791716
"2020-02-20 00:00:00",183067,216959,9281,0,107649,612680.4285714285,790284.1428571428
"2020-02-21 00:00:00",499954,217613,848,0,2041,586702.7142857143,806473
"2020-02-22 00:00:00",60707,168313,5142,0,269915,646877.4285714285,798502.1428571428
"2020-02-23 00:00:00",238422,0,15610,0,0,626821.4285714285,743724.5714285715
"2020-02-24 00:00:00",268113,257802,9557,0,102377,615753.5714285715,712882.7142857143
"2020-02-25 00:00:00",168635,367609,14337,0,742,607185.8571428572,700413.5714285715
"2020-02-26 00:00:00",113441,74360,5744,156,194647,510435.85714285716,685478.4285714285
"2020-02-27 00:00:00",442625,64334,1593,0,119222,526267,656901.2857142857
"2020-02-28 00:00:00",216837,109561,1571,0,177579,495565.71428571426,614796.4285714285
"2020-02-29 00:00:00",41587,344891,3191,0,151754,500900.85714285716,563335.7142857143
"2020-03-01 00:00:00",622977,315511,14207,0,0,600709.8571428572,653880.2857142857
"2020-03-02 00:00:00",22875,190330,5718,0,41813,546836.4285714285,680723
"2020-03-03 00:00:00",597111,317591,16375,0,279705,641044.8571428572,631506.8571428572
"2020-03-04 00:00:00",227896,366775,3226,156,92594,684230.1428571428,626559.5714285715
"2020-03-05 00:00:00",255249,326522,17526,0,32781,684845,660243.2857142857
"2020-03-06 00:00:00",72532,274303,0,0,291298,703785.5714285715,632872.4285714285
"2020-03-07 00:00:00",85345,55440,16955,0,0,648973.7142857143,622079.4285714285
"2020-03-08 00:00:00",696683,275829,1884,0,268784,690471.5714285715,590953.8571428572
"2020-03-09 00:00:00",299064,246333,2372,0,5025,732194.2857142857,582034.1428571428
"2020-03-10 00:00:00",120959,472710,2372,0,219141,675680,667301
"2020-03-11 00:00:00",117398,69531,2664,0,14699,606201,713763.5714285715
"2020-03-12 00:00:00",122688,349686,3938,0,1624,584180.7142857143,678000.4285714285
"2020-03-13 00:00:00",342223,77753,2372,0,426189,614238.8571428572,682904.8571428572
"2020-03-14 00:00:00",952647,251228,24082,0,5897,767969.5714285715,702585.8571428572
"2020-03-15 00:00:00",87720,110880,0,0,0,618743.7142857143,695592
"2020-03-16 00:00:00",212677,292153,17255,0,61072,623081.2857142857,713260.8571428572
"2020-03-17 00:00:00",199670,356790,12167,0,308738,631964.7142857143,598593.1428571428
"2020-03-18 00:00:00",621149,55440,7173,0,613,700548,627401.4285714285
"2020-03-19 00:00:00",558282,252903,0,0,0,748155,582428.1428571428
"2020-03-20 00:00:00",157165,284266,2372,0,174957,715329.4285714285,607104.5714285715
"2020-03-21 00:00:00",355299,170840,744,0,419069,674200.5714285715,587488.5714285715
"2020-03-22 00:00:00",328489,232976,6722,0,97335,740904,605929.8571428572
"2020-03-23 00:00:00",334183,386056,6788,156,118025,778339.8571428572,574333.4285714285
"2020-03-24 00:00:00",414454,166026,0,0,517442,809847.7142857143,674109.4285714285
"2020-03-25 00:00:00",87906,296732,1507,156,0,767265.5714285715,601481.7142857143
"2020-03-26 00:00:00",353895,0,28082,0,120794,723206.2857142857,619431.7142857143
"2020-03-27 00:00:00",479340,73503,5082,0,280030,754519.8571428572,641237.7142857143
"2020-03-28 00:00:00",189170,477880,2734,0,204535,744286.5714285715,650747.5714285715
"2020-03-29 00:00:00",437951,188517,34509,0,16740,746028.7142857143,565117
"2020-03-30 00:00:00",278478,244297,3317,0,118626,717387.1428571428,734093.1428571428
"2020-03-31 00:00:00",303067,55440,14165,0,164190,637235.8571428572,718875.2857142857
"2020-04-01 00:00:00",207499,255846,15914,0,258018,687375.2857142857,765451.7142857143
"2020-04-02 00:00:00",160051,133943,19253,0,155036,682448.7142857143,764376.4285714285
"2020-04-03 00:00:00",64956,586935,11660,0,128859,675942.4285714285,691310
"2020-04-04 00:00:00",143483,215716,8305,0,130093,622124.8571428572,712841
"2020-04-05 00:00:00",62129,294025,0,0,4266,576796.7142857143,801121
"2020-04-06 00:00:00",378878,299822,5583,0,344783,631703.8571428572,561010.4285714285
"2020-04-07 00:00:00",207544,305399,1672,0,33817,633356.7142857143,589912.7142857143
"2020-04-08 00:00:00",95403,90856,3246,0,145499,575889.1428571428,559423.8571428572
"2020-04-09 00:00:00",270194,133050,15740,156,271762,607691.8571428572,657189.8571428572
"2020-04-10 00:00:00",420678,19503,3540,0,4755,558558.1428571428,683223.8571428572
"2020-04-11 00:00:00",589415,168557,12035,0,368315,650090.2857142857,700571.5714285715
"2020-04-12 00:00:00",229640,27728,4660,0,0,636034.1428571428,626466.4285714285
"2020-04-13 00:00:00",922555,341470,19061,0,403280,729933.8571428572,743279.4285714285
"2020-04-14 00:00:00",24267,12248,788,0,84663,669010.2857142857,626109.4285714285
"2020-04-15 00:00:00",204280,266998,8369,0,5116,690404.4285714285,609797.4285714285
"2020-04-16 00:00:00",260081,111994,955,0,98889,659121,634302
"2020-04-17 00:00:00",26951,200636,788,0,392928,683810.8571428572,700744.7142857143
"2020-04-18 00:00:00",82379,37217,3018,0,294412,580768.5714285715,650272.5714285715
"2020-04-19 00:00:00",224656,0,15880,0,0,577698.1428571428,751255
"2020-04-20 00:00:00",149501,170794,13358,0,472771,451992.14285714284,716360.7142857143
"2020-04-21 00:00:00",318668,551541,5040,0,133031,578608.4285714285,710058
"2020-04-22 00:00:00",97435,84437,21516,0,0,538412,721307.8571428572
"2020-04-23 00:00:00",907815,55440,8108,0,375120,663349.7142857143,661899.2857142857
"2020-04-24 00:00:00",867673,328851,12403,0,0,747295.8571428572,623198.7142857143
"2020-04-25 00:00:00",92241,0,6593,0,293177,743722.1428571428,621593.4285714285
"2020-04-26 00:00:00",499977,70128,7612,0,259661,828985.7142857143,638888.7142857143
"2020-04-27 00:00:00",294777,161091,22785,0,108350,797640,632078.5714285715
"2020-04-28 00:00:00",669264,230288,5483,156,0,782912.7142857143,645439.4285714285
"2020-04-29 00:00:00",619298,264030,4912,0,113056,896899.5714285715,567941.4285714285
"2020-04-30 00:00:00",133944,257716,8942,0,133562,780854,471785.28571428574
"2020-05-01 00:00:00",223290,233666,9271,0,365027,726900.8571428572,582789.4285714285
"2020-05-02 00:00:00",50437,65935,0,0,0,687523.8571428572,589239.8571428572
"2020-05-03 00:00:00",103639,0,0,0,0,582703.5714285715,510351.5714285714
"2020-05-04 00:00:00",420962,543532,17707,0,459840,704851.8571428572,547919.5714285715
"2020-05-05 00:00:00",102641,371943,1825,0,273856,682719.7142857143,626652.2857142857
"2020-05-06 00:00:00",225566,292945,0,0,102062,628330.5714285715,762781.5714285715
"2020-05-07 00:00:00",582412,106941,0,156,399453,707587.4285714285,812324.4285714285
"2020-05-08 00:00:00",201506,0,5673,0,186039,645010.7142857143,741549.2857142857
"2020-05-09 00:00:00",383429,233776,16285,0,101080,733325,780251.2857142857
"2020-05-10 00:00:00",461801,118692,16293,0,127050,821924.8571428572,688216.4285714285
"2020-05-11 00:00:00",650328,592800,17671,0,359583,847402,628596.5714285715
"2020-05-12 00:00:00",321771,329174,2040,0,5897,834347.4285714285,651553.1428571428
"2020-05-13 00:00:00",445137,238,23600,0,9023,813979.8571428572,550071.4285714285
"2020-05-14 00:00:00",144128,540633,21789,0,127050,777499.7142857143,544261.4285714285
"2020-05-15 00:00:00",160557,353439,17483,0,383675,852062,491625.28571428574
"2020-05-16 00:00:00",724983,108829,10948,0,290763,909341,435202.14285714284
"2020-05-17 00:00:00",524742,196545,819,0,102927,923797.7142857143,495869
"2020-05-18 00:00:00",390218,503026,3766,0,221873,852155,512071
"2020-05-19 00:00:00",307204,174510,9492,0,90764,841167.7142857143,473320.71428571426
"2020-05-20 00:00:00",47017,55440,2782,0,437686,850443,502510.4285714286
"2020-05-21 00:00:00",341099,291417,8709,0,7819,824077.8571428572,492681.5714285714
"2020-05-22 00:00:00",209945,141300,6753,0,40297,750241,497254.14285714284
"2020-05-23 00:00:00",216219,358022,20552,0,154086,695005.8571428572,543521.7142857143
"2020-05-24 00:00:00",54699,179506,5007,0,70652,621410.4285714285,516672.5714285714
"2020-05-25 00:00:00",243712,187014,14544,0,228568,557832.5714285715,456210.4285714286
"2020-05-26 00:00:00",537056,323490,4744,0,295652,640542.5714285715,477106.14285714284
"2020-05-27 00:00:00",311187,230115,4661,0,187427,667751.8571428572,694684.7142857143
"2020-05-28 00:00:00",48221,287846,2372,0,272565,662317.5714285715,664196.4285714285
"2020-05-29 00:00:00",607937,130726,10001,0,0,712370.1428571428,716193.2857142857
"2020-05-30 00:00:00",471209,215776,2372,0,127050,722017.2857142857,645231.2857142857
"2020-05-31 00:00:00",104278,342091,5861,0,304345,785832.8571428572,670072.7142857143
"2020-06-01 00:00:00",153544,186087,17683,0,407143,798778.4285714285,755989.2857142857
"2020-06-02 00:00:00",106361,176734,2372,0,42882,679836.4285714285,676246.1428571428
"2020-06-03 00:00:00",193679,408453,2372,0,384024,716284.5714285715,598254.2857142857
"2020-06-04 00:00:00",335680,304538,8614,0,262758,759225.4285714285,588711
"2020-06-05 00:00:00",269187,296227,10414,0,9129,735838.8571428572,580375
"2020-06-06 00:00:00",610540,80620,18433,0,12110,722309.7142857143,673213.4285714285
"2020-06-07 00:00:00",292918,305182,41965,0,0,705665.4285714285,663101.7142857143
"2020-06-08 00:00:00",476741,229129,669,0,407419,755594.2857142857,660347.8571428572
"2020-06-09 00:00:00",268936,334794,4528,0,127050,813731.5714285715,704674.1428571428
"2020-06-10 00:00:00",162288,0,2372,0,0,696036,706543.7142857143
"2020-06-11 00:00:00",19601,420122,19747,0,553861,710570.1428571428,777943.1428571428
"2020-06-12 00:00:00",600360,74470,3909,0,129943,742530.7142857143,721678.8571428572
"2020-06-13 00:00:00",202634,307542,3778,156,102436,727508.2857142857,715884.2857142857
"2020-06-14 00:00:00",656584,151846,7418,0,47330,759381.5714285715,713936.2857142857
"2020-06-15 00:00:00",16372,55440,0,0,0,610503.2857142857,730179.2857142857
"2020-06-16 00:00:00",560748,262506,4744,0,298695,666415.2857142857,776273.4285714285
"2020-06-17 00:00:00",398952,164284,5875,0,354004,774766.2857142857,688793.4285714285
"2020-06-18 00:00:00",114112,330410,2372,0,293571,735785.7142857143,640780.4285714285
"2020-06-19 00:00:00",892974,242128,32924,0,283150,827570.7142857143,629652
"2020-06-20 00:00:00",235751,162405,3589,0,401521,854245,561241.7142857143
"2020-06-21 00:00:00",291879,297035,20439,0,333892,865683.2857142857,670230.4285714285
"2020-06-22 00:00:00",74013,249310,11146,0,450648,967584.1428571428,629643.8571428572
"2020-06-23 00:00:00",390989,68734,5702,0,255859,909668.5714285715,574817.2857142857
"2020-06-24 00:00:00",900364,260613,2582,0,278922,983863.7142857143,505071.71428571426
"2020-06-25 00:00:00",89458,275181,8554,0,371347,984445.8571428572,600165.4285714285
"2020-06-26 00:00:00",65489,285247,6219,0,118741,845091.4285714285,578283.7142857143
"2020-06-27 00:00:00",544034,55440,11075,0,135842,836966.2857142857,598945.1428571428
"2020-06-28 00:00:00",436861,323701,7955,0,98145,826025.7142857143,504225.28571428574
"2020-06-29 00:00:00",746350,179996,2372,0,0,846540,553313.7142857143
"2020-06-30 00:00:00",414198,262653,6895,0,130788,859861.4285714285,580418.5714285715
"2020-07-01 00:00:00",713236,194943,8614,0,110860,800600.2857142857,667868.1428571428
"2020-07-02 00:00:00",36757,187901,11712,0,265935,765995.2857142857,633669.4285714285
"2020-07-03 00:00:00",815041,252774,0,0,13711,852542.2857142857,679716.8571428572
"2020-07-04 00:00:00",424216,306614,46677,177,990,857154.1428571428,638467.2857142857
"2020-07-05 00:00:00",682388,356930,0,0,351093,931975.4285714285,665524.7142857143
"2020-07-06 00:00:00",347976,260230,2372,156,15998,888834.7142857143,649403
"2020-07-07 00:00:00",229151,55440,5981,0,1317,814171,670461.1428571428
"2020-07-08 00:00:00",18378,280627,8619,0,357984,762450.4285714285,661302
"2020-07-09 00:00:00",362374,429649,2541,0,127050,822351.8571428572,671573.2857142857
"2020-07-10 00:00:00",432312,115285,2590,0,315561,791526.5714285715,672084.8571428572
"2020-07-11 00:00:00",271290,129384,7430,0,98337,752636.2857142857,688356.8571428572
"2020-07-12 00:00:00",389458,0,0,0,0,609642.8571428572,768824.2857142857
"2020-07-13 00:00:00",394908,302745,218,0,351739,670054,728420.7142857143
"2020-07-14 00:00:00",622293,347070,18374,156,0,769483.2857142857,696003.4285714285
"2020-07-15 00:00:00",320295,230527,0,0,170574,777452.5714285715,620490.7142857143
"2020-07-16 00:00:00",149815,348961,14130,0,357744,770171.7142857143,560865.5714285715
"2020-07-17 00:00:00",596893,0,10632,0,127050,751432.8571428572,570633.8571428572
"2020-07-18 00:00:00",125300,303535,218,0,208159,770114.1428571428,619438.8571428572
"2020-07-19 00:00:00",74807,190416,2372,156,41603,758670.8571428572,511231.14285714284
"2020-07-20 00:00:00",264652,317506,11615,156,566992,774572.4285714285,479378.28571428574
"2020-07-21 00:00:00",414909,224047,4744,0,161159,748424.8571428572,560415.8571428572
"2020-07-22 00:00:00",481227,358370,6606,0,131228,785001.4285714285,554278
"2020-07-23 00:00:00",219455,144532,14065,0,123245,732236.7142857143,579909.5714285715
"2020-07-24 00:00:00",613205,173055,143,0,105756,754748.5714285715,540971.5714285715
"2020-07-25 00:00:00",119060,88796,4975,0,223568,726061.2857142857,603813.8571428572
"2020-07-26 00:00:00",163590,389549,26134,0,1069,764773.8571428572,605010.4285714285
"2020-07-27 00:00:00",225353,435526,6100,156,33063,698956.2857142857,687399
"2020-07-28 00:00:00",277901,230202,12065,0,397992,715142,578221.4285714285
"2020-07-29 00:00:00",592286,79019,5276,0,143049,692599.1428571428,640771.4285714285
"2020-07-30 00:00:00",22855,55440,0,156,149573,653560,663808.5714285715
"2020-07-31 00:00:00",186905,360786,4744,0,292772,646852.7142857143,810868.2857142857
"2020-08-01 00:00:00",201329,540111,2372,0,358351,741961.7142857143,703698.8571428572
"2020-08-02 00:00:00",143207,65798,809,0,49061,696038,709187.5714285715
"2020-08-03 00:00:00",284010,233103,14762,312,0,672036.4285714285,803127.7142857143
"2020-08-04 00:00:00",511896,0,5205,0,183025,640888.7142857143,926858.5714285715
"2020-08-05 00:00:00",405479,363693,4744,0,408389,692699.4285714285,937114.8571428572
"2020-08-06 00:00:00",1264993,237988,2372,0,127050,893325.2857142857,876309.5714285715
"2020-08-07 00:00:00",68513,170565,0,0,10100,808178.2857142857,728759
"2020-08-08 00:00:00",399390,111049,4723,0,369740,777141.1428571428,714749
"2020-08-09 00:00:00",218751,183627,18381,0,0,800267.1428571428,631250.7142857143
"2020-08-10 00:00:00",16469,152391,4962,0,11769,750753.4285714285,426527.71428571426
"2020-08-11 00:00:00",387334,379347,2540,0,10351,762102.8571428572,399038
"2020-08-12 00:00:00",198905,341465,6388,0,0,671310.2857142857,389300.14285714284
"2020-08-13 00:00:00",357118,443959,144,0,33063,557293.1428571428,501964.14285714284
"2020-08-14 00:00:00",345106,393101,12366,0,90841,641898,517392.14285714284
"2020-08-15 00:00:00",99423,146965,15285,0,384135,607741.5714285715,592105.2857142857
"2020-08-16 00:00:00",656664,253143,0,0,101573,692116,655188.8571428572
"2020-08-17 00:00:00",237616,368919,30167,0,0,756560.2857142857,781711.7142857143
"2020-08-18 00:00:00",769836,327128,11153,312,352831,853944.5714285715,768567.4285714285
"2020-08-19 00:00:00",286454,12092,1672,0,100616,833098.4285714285,873091.5714285715
"2020-08-20 00:00:00",65385,600658,4744,156,280127,849782.2857142857,836271.5714285715
"2020-08-21 00:00:00",810071,225809,2116,0,0,877865.5714285715,932456.2857142857
"2020-08-22 00:00:00",194726,87424,20860,312,0,828939.1428571428,864268.4285714285
"2020-08-23 00:00:00",109611,335021,2372,0,263501,785957.1428571428,894599.8571428572
"2020-08-24 00:00:00",170992,470273,3298,0,127050,805230.4285714285,827936.7142857143
"2020-08-25 00:00:00",167936,176660,2372,0,0,646045.5714285715,804839.8571428572
"2020-08-26 00:00:00",253554,56023,0,0,0,633008.7142857143,694503.2857142857
"2020-08-27 00:00:00",401950,361413,2590,0,358985,657847,706131.2857142857
"2020-08-28 00:00:00",341004,256515,0,0,0,594921.5714285715,597845.5714285715
"2020-08-29 00:00:00",153942,429968,363,156,298087,677663.5714285715,625873.2857142857
"2020-08-30 00:00:00",240526,110880,711,156,0,626487.5714285715,618243.7142857143
"2020-08-31 00:00:00",863608,332930,10268,156,202584,717620.7142857143,631072.2857142857
"2020-09-01 00:00:00",114364,208785,2472,0,34180,719454,614611.7142857143
"2020-09-02 00:00:00",238024,257592,2768,0,419100,806297.8571428572,646679.4285714285
"2020-09-03 00:00:00",637886,365595,5265,0,19366,792465.5714285715,615244.2857142857
"2020-09-04 00:00:00",79108,199972,8230,156,0,748172.4285714285,616002.8571428572
"2020-09-05 00:00:00",224254,229405,16762,312,238696,723445.7142857143,591542.1428571428
"2020-09-06 00:00:00",217338,242841,5423,0,378257,793672.2857142857,554988.7142857143
"2020-09-07 00:00:00",410659,255412,6952,0,1996,688739.8571428572,608235
"2020-09-08 00:00:00",333450,150892,14479,0,5897,709442.2857142857,600328.5714285715
"2020-09-09 00:00:00",859610,80367,11609,312,128083,732656.2857142857,580124.1428571428
"2020-09-10 00:00:00",112116,55440,12825,0,0,611551.5714285715,541154.7142857143
"2020-09-11 00:00:00",198934,397720,10328,9719,160410,681500.8571428572,595306.1428571428
"2020-09-12 00:00:00",194600,112079,14799,156,0,626101.4285714285,681250.8571428572
"2020-09-13 00:00:00",140617,106812,5583,0,5897,542537.1428571428,676080.5714285715
"2020-09-14 00:00:00",169633,165419,9729,156,177336,520716.4285714286,726488.4285714285
"2020-09-15 00:00:00",430081,322847,9595,0,6103,558417.5714285715,781556.2857142857
"2020-09-16 00:00:00",991326,349533,29176,0,104413,614769.8571428572,771682.8571428572
"2020-09-17 00:00:00",193712,173587,9994,0,277968,682610.1428571428,815396.8571428572
"2020-09-18 00:00:00",418239,136006,1432,0,176738,676225,862273.5714285715
"2020-09-19 00:00:00",345341,174726,7375,0,273142,744646.5714285715,842456.5714285715
"2020-09-20 00:00:00",772475,241292,2060,0,202151,881656.4285714285,924358.4285714285
"2020-09-21 00:00:00",413175,285763,52543,0,39258,920008.4285714285,810549
"2020-09-22 00:00:00",294148,0,5841,0,305667,896727.1428571428,723134.2857142857
"2020-09-23 00:00:00",401562,17107,0,0,15998,748187,729742.7142857143
"2020-09-24 00:00:00",250104,352688,423,0,102345,755372.5714285715,703810.8571428572
"2020-09-25 00:00:00",506130,201625,13887,3657,136430,773846.1428571428,648180.5714285715
"2020-09-26 00:00:00",452562,144866,16137,0,29995,751414,679909
"2020-09-27 00:00:00",208430,209492,4155,0,0,637713.8571428572,597196.7142857143
"2020-09-28 00:00:00",107618,253332,1445,0,5897,577364.5714285715,582637
"2020-09-29 00:00:00",574509,343054,543,0,5897,622842.5714285715,704500.2857142857
"2020-09-30 00:00:00",347726,177474,218,0,0,635806.8571428572,676501.4285714285
"2020-10-01 00:00:00",121760,406411,1956,0,1841,611007.8571428572,733941.2857142857
"2020-10-02 00:00:00",443568,243094,17738,0,10100,589975,735613.4285714285
"2020-10-03 00:00:00",34837,501738,11220,0,127050,594444.4285714285,728789.8571428572
"2020-10-04 00:00:00",306297,0,1203,0,10100,579519.1428571428,712422.7142857143
"2020-10-05 00:00:00",243292,353814,11667,0,122257,631339,707662
"2020-10-06 00:00:00",466327,84476,7427,0,1061,579237.2857142857,697805.8571428572
"2020-10-07 00:00:00",281197,218933,11830,0,0,577315,715375.5714285715
"2020-10-08 00:00:00",383041,403297,4962,0,0,614362.4285714285,764043.8571428572
"2020-10-09 00:00:00",58362,14276,3972,0,0,523235.28571428574,807280.4285714285
"2020-10-10 00:00:00",606358,487948,3391,0,131096,602370.5714285715,735175.1428571428
"2020-10-11 00:00:00",538443,88086,12777,0,10100,649771.4285714285,780743.7142857143
"2020-10-12 00:00:00",466523,446475,218,0,103143,690532.5714285715,831397
"2020-10-13 00:00:00",553922,4003,4643,0,2892,691413.8571428572,791029.1428571428
"2020-10-14 00:00:00",457952,240160,21553,0,5897,721928.4285714285,822453.2857142857
"2020-10-15 00:00:00",717243,438339,14817,0,163500,799442.5714285715,676967.7142857143
"2020-10-16 00:00:00",307814,587433,14040,0,94129,931843.5714285715,576339.4285714285
"2020-10-17 00:00:00",243969,66664,9810,0,33584,806877,573574.7142857143
"2020-10-18 00:00:00",231652,303051,0,0,270212,829092.5714285715,545831.2857142857
"2020-10-19 00:00:00",136232,0,13490,0,10100,706730.1428571428,509674.4285714286
"2020-10-20 00:00:00",255991,124228,7418,0,0,681326.7142857143,502033.14285714284
"2020-10-21 00:00:00",270649,567601,21978,0,509355,773329.5714285715,443710
"2020-10-22 00:00:00",543091,83631,7698,0,16367,675742.1428571428,571933.7142857143
"2020-10-23 00:00:00",152212,287757,0,0,101820,609795.4285714285,673106.2857142857
"2020-10-24 00:00:00",543121,55440,5364,0,133826,664613,692385.1428571428
"2020-10-25 00:00:00",102907,95523,5556,0,170736,603156.8571428572,773114.2857142857
"2020-10-26 00:00:00",234483,297539,5583,0,165644,680789.2857142857,791289.4285714285
"2020-10-27 00:00:00",731079,245094,5356,0,324738,812022.4285714285,763774.4285714285
"2020-10-28 00:00:00",252238,391108,15123,0,5897,711277.2857142857,848215
"2020-10-29 00:00:00",279105,155907,8887,0,278991,721577.7142857143,760430.2857142857
"2020-10-30 00:00:00",426625,40291,12063,0,112258,728641.5714285715,678064.1428571428
"2020-10-31 00:00:00",635408,354677,4675,0,0,765357.1428571428,746264.8571428572
"2020-11-01 00:00:00",459226,217377,16310,0,178838,836361.2857142857,734125.7142857143
"2020-11-02 00:00:00",241343,0,5634,0,20800,774151,793228
"2020-11-03 00:00:00",171527,172694,16300,0,408330,697377.1428571428,810374.4285714285
"2020-11-04 00:00:00",965123,248913,6145,0,269680,815304.8571428572,683334.5714285715
"2020-11-05 00:00:00",821645,322238,3522,0,0,875949.8571428572,726318.4285714285
"2020-11-06 00:00:00",138271,277808,4320,156,81605,863224.4285714285,738193.5714285715
"2020-11-07 00:00:00",125120,234562,10002,0,109908,789629.1428571428,727355.4285714285
"2020-11-08 00:00:00",252890,7649,61950,0,14548,713241.5714285715,699102.1428571428
"2020-11-09 00:00:00",232712,395867,490,0,137151,784447.7142857143,659666.1428571428
"2020-11-10 00:00:00",79747,197031,5166,0,10100,716332.5714285715,710752.5714285715
"2020-11-11 00:00:00",521830,243812,2549,0,412943,672228.5714285715,738213.1428571428
"2020-11-12 00:00:00",274478,219035,3818,0,120877,596629.1428571428,757740.1428571428
"2020-11-13 00:00:00",569464,384727,2590,0,127682,679815.4285714285,782941.4285714285
"2020-11-14 00:00:00",169994,226980,22730,0,100775,685656.2857142857,711545.4285714285
"2020-11-15 00:00:00",445237,257857,4744,0,106464,753836.8571428572,713655.8571428572
"2020-11-16 00:00:00",458898,532897,10061,0,133058,806507.2857142857,658197.5714285715
"2020-11-17 00:00:00",31976,89189,3964,0,308780,826773.7142857143,612924.5714285715
"2020-11-18 00:00:00",260131,210456,12236,0,177087,752313.2857142857,583594.5714285715
"2020-11-19 00:00:00",383331,128774,2372,0,194286,765249.5714285715,570324.8571428572
"2020-11-20 00:00:00",328375,368164,7535,0,192277,738376.4285714285,573943.7142857143
"2020-11-21 00:00:00",325952,40623,1546,0,74150,727204,641239.8571428572
"2020-11-22 00:00:00",320039,213757,0,0,46261,693740.5714285715,681199.2857142857
"2020-11-23 00:00:00",402808,376936,10085,0,524490,719370,678437.4285714285
"2020-11-24 00:00:00",470955,426428,4278,0,28061,790200.4285714285,609160.4285714285
"2020-11-25 00:00:00",116374,236077,11070,0,178686,773385.7142857143,621706.2857142857
"2020-11-26 00:00:00",310844,324962,3043,0,243587,798196.2857142857,609686.1428571428
"2020-11-27 00:00:00",536493,228491,7360,0,243214,815226,615554.2857142857
"2020-11-28 00:00:00",350087,165898,4824,0,186709,853118.5714285715,583995.5714285715
"2020-11-29 00:00:00",1158134,427231,218,0,0,996765,524547
"2020-11-30 00:00:00",179302,0,22448,0,258002,874683.8571428572,613205.5714285715
"2020-12-01 00:00:00",319741,72084,34746,0,3117,803250.4285714285,796201.2857142857
"2020-12-02 00:00:00",206486,377253,0,0,3362,809663.7142857143,826248
"2020-12-03 00:00:00",440143,0,12211,0,537879,825063,760170.8571428572
"2020-12-04 00:00:00",161612,532954,1324,0,0,779396,832866.2857142857
"2020-12-05 00:00:00",538783,398239,6637,0,18046,815708.2857142857,767992
"2020-12-06 00:00:00",531944,135673,8544,0,257101,722519.7142857143,772928.8571428572
"2020-12-07 00:00:00",448991,308082,34749,0,8573,771183,697948.4285714285
"2020-12-08 00:00:00",604332,255873,1452,0,0,832892.7142857143,499236.28571428574
"2020-12-09 00:00:00",210303,96252,3175,156,92820,806550.8571428572,516685.5714285714
"2020-12-10 00:00:00",384583,353168,2590,0,273856,809974.5714285715,542338.8571428572
"2020-12-11 00:00:00",301016,119234,6369,0,0,771507.4285714285,471683.5714285714
"2020-12-12 00:00:00",69986,467934,5478,0,127050,729899.2857142857,553992.2857142857
"2020-12-13 00:00:00",150234,162598,2372,0,0,641605.1428571428,619607.5714285715
"2020-12-14 00:00:00",901673,324256,2551,0,7934,703893.5714285715,592032.2857142857
"2020-12-15 00:00:00",528275,227990,4208,0,328617,736384.1428571428,787328.5714285715
"2020-12-16 00:00:00",157856,173400,3593,0,16612,729063.4285714285,765679.8571428572
"2020-12-17 00:00:00",247808,248571,2372,0,99050,669578.2857142857,767535.1428571428
"2020-12-18 00:00:00",162679,135115,5091,0,101963,666468.1428571428,793421.8571428572
"2020-12-19 00:00:00",221232,213303,16296,0,330878,682362.5714285715,810146.8571428572
"2020-12-20 00:00:00",181936,294009,4744,0,298419,748634.5714285715,767334.5714285715
"2020-12-21 00:00:00",346118,0,8710,0,10165,624145.8571428572,854516.8571428572
"2020-12-22 00:00:00",238199,158980,20529,0,0,528234,725083.1428571428
"2020-12-23 00:00:00",988701,171310,3851,0,345146,693597.5714285715,727725.2857142857
"2020-12-24 00:00:00",343432,250349,14988,0,34106,700036.7142857143,727212.7142857143
"2020-12-25 00:00:00",834815,163226,8927,0,284326,826671.7142857143,743432.8571428572
"2020-12-26 00:00:00",329310,88902,950,0,0,774879.1428571428,713859
"2020-12-27 00:00:00",536046,201574,7432,0,254241,806334.2857142857,750506.7142857143
"2020-12-28 00:00:00",288690,123979,28860,0,0,817268.1428571428,767116.5714285715
"2020-12-29 00:00:00",0,0,0,0,0,757595.4285714285,758153.8571428572
"2020-12-30 00:00:00",65311,258470,2372,0,0,588616.2857142857,756230.8571428572
"2020-12-31 00:00:00",508853,262785,20790,0,118803,626952.7142857143,832752.1428571428
"2021-01-01 00:00:00",537739,290441,6908,0,1134,561942.4285714285,822708.1428571428
"2021-01-02 00:00:00",390419,40318,16806,0,342128,614872.5714285715,755337.2857142857
"2021-01-03 00:00:00",242415,286119,0,0,0,547621.1428571428,708274.7142857143
"2021-01-04 00:00:00",120502,92640,24755,0,272022,557391,722773.4285714285
"2021-01-05 00:00:00",639220,198750,5940,0,290207,719407.8571428572,885636.1428571428
"2021-01-06 00:00:00",375665,0,1596,0,0,726708.8571428572,867048.4285714285
"2021-01-07 00:00:00",311593,252476,2267,0,0,677438.1428571428,809915.4285714285
"2021-01-08 00:00:00",276055,9689,2372,0,344934,648413.5714285715,756109.1428571428
"2021-01-09 00:00:00",286600,301218,3063,0,135049,639307.5714285715,897624.7142857143
"2021-01-10 00:00:00",365579,343111,20298,0,21512,671017,862389.2857142857
"2021-01-11 00:00:00",794812,296345,2633,156,265831,792425.4285714285,823436.4285714285
"2021-01-12 00:00:00",402369,90135,19636,0,178388,729055.7142857143,705524.1428571428
"2021-01-13 00:00:00",294507,165013,3904,0,43685,747605.7142857143,735101.7142857143
"2021-01-14 00:00:00",454359,359203,1435,0,102545,797778.1428571428,784093.8571428572
"2021-01-15 00:00:00",174968,181854,16786,0,237999,794715.1428571428,784075.1428571428
"2021-01-16 00:00:00",243750,185906,7703,0,17383,755974,715282.8571428572
"2021-01-17 00:00:00",184005,186197,436,0,256111,738295.2857142857,752890.1428571428
"2021-01-18 00:00:00",1247645,418574,2779,156,5897,783334.4285714285,783715.8571428572
"2021-01-19 00:00:00",144133,116491,12975,0,291908,765474.1428571428,683303.2857142857
"2021-01-20 00:00:00",224758,245884,3536,0,267819,799029.4285714285,649072.5714285715
"2021-01-21 00:00:00",0,0,0,0,0,667951.7142857143,593740.7142857143
"2021-01-22 00:00:00",475683,522355,6567,0,6394,725007.4285714285,648235.4285714285
"2021-01-23 00:00:00",234517,110905,5891,0,266710,748333.4285714285,555083.5714285715
"2021-01-24 00:00:00",213550,388352,4962,0,613,745580.4285714285,546521.7142857143
"2021-01-25 00:00:00",502799,270463,5215,0,15311,619685.5714285715,521139.14285714284
"2021-01-26 00:00:00",199901,0,8230,0,353060,619069,663072.8571428572
"2021-01-27 00:00:00",555440,455199,1060,0,38290,663068,686600.1428571428
"2021-01-28 00:00:00",247101,82613,4744,0,10100,712290.8571428572,645673
"2021-01-29 00:00:00",275132,177823,733,0,141920,652949.2857142857,591254.5714285715
"2021-01-30 00:00:00",131698,329603,4244,0,0,631166.4285714285,659937.5714285715
"2021-01-31 00:00:00",512351,301817,8935,0,335601,709913,637555.4285714285
"2021-02-01 00:00:00",292412,296954,11941,0,10100,683858.7142857143,644124.4285714285
"2021-02-02 00:00:00",104724,388441,2372,0,111349,690386.5714285715,605547.5714285715
"2021-02-03 00:00:00",319368,356159,14481,0,5912,639805.1428571428,598322
"2021-02-04 00:00:00",117166,0,14758,0,0,609428.7142857143,596486.5714285715
"2021-02-05 00:00:00",462906,306097,19331,0,401339,694295.1428571428,610854.2857142857
"2021-02-06 00:00:00",121945,300110,7716,0,173606,713985.8571428572,569981.1428571428
"2021-02-07 00:00:00",51277,323499,14347,0,400975,661327.8571428572,637605.8571428572
"2021-02-08 00:00:00",83500,291433,26097,0,28061,635282.7142857143,567660.8571428572
"2021-02-09 00:00:00",154230,286026,11575,0,286904,654118.2857142857,551916.4285714285
"2021-02-10 00:00:00",0,78694,2448,0,23948,569714,549705.4285714285
"2021-02-11 00:00:00",804200,257256,5304,0,4616,703921.4285714285,597900.7142857143
"2021-02-12 00:00:00",133809,122495,10127,0,297789,614571.1428571428,551742.4285714285
"2021-02-13 00:00:00",161205,302982,0,0,339167,643139,640789
"2021-02-14 00:00:00",483146,81373,2372,0,15998,613537.8571428572,528341.7142857143
"2021-02-15 00:00:00",342778,284954,6806,0,152129,664620.1428571428,539827.5714285715
"2021-02-16 00:00:00",116575,215769,0,0,95899,620264,513931.85714285716
"2021-02-17 00:00:00",194877,299267,4538,0,147671,697587.2857142857,528614
"2021-02-18 00:00:00",954074,76184,218,0,27007,695602.5714285715,590953.1428571428
"2021-02-19 00:00:00",252127,278296,0,0,0,690774.2857142857,612680.4285714285
"2021-02-20 00:00:00",269113,229959,12802,0,548699,727520.1428571428,586702.7142857143
"2021-02-21 00:00:00",167646,81356,402,0,102094,694464.2857142857,646877.4285714285
"2021-02-22 00:00:00",614752,364651,3025,0,185175,748883.5714285715,626821.4285714285
"2021-02-23 00:00:00",313104,253707,4878,0,145668,790185.7142857143,615753.5714285715
"2021-02-24 00:00:00",495622,17081,13535,156,163835,796453.7142857143,607185.8571428572
"2021-02-25 00:00:00",145933,232511,12941,0,0,701296.8571428572,510435.85714285716
"2021-02-26 00:00:00",449759,466336,7832,0,151361,779134.8571428572,526267
"2021-02-27 00:00:00",499560,81844,2372,0,171249,735485,495565.71428571426
"2021-02-28 00:00:00",308800,475071,2372,0,0,797591.1428571428,500900.85714285716
"2021-03-01 00:00:00",479961,83272,2645,0,258071,748497.7142857143,600709.8571428572
"2021-03-02 00:00:00",556617,267298,933,0,137765,783534.2857142857,546836.4285714285
"2021-03-03 00:00:00",513347,94999,18520,0,565586,855280.4285714285,641044.8571428572
"2021-03-04 00:00:00",561396,184231,12308,0,293141,949522,684230.1428571428
"2021-03-05 00:00:00",190253,69067,5192,0,33584,838494.7142857143,684845
"2021-03-06 00:00:00",259103,103865,1922,0,16924,785178.8571428572,703785.5714285715
"2021-03-07 00:00:00",336834,137830,4744,0,8882,742614.2857142857,648973.7142857143
"2021-03-08 00:00:00",505643,556247,7293,0,284235,818252.8571428572,690471.5714285715
"2021-03-09 00:00:00",705323,19943,6150,0,157238,807687.2857142857,732194.2857142857
"2021-03-10 00:00:00",36888,243551,4744,0,0,678077.2857142857,675680
"2021-03-11 00:00:00",122004,252836,2372,0,273596,620896.2857142857,606201
"2021-03-12 00:00:00",101732,304220,33241,0,33584,645850.4285714285,584180.7142857143
"2021-03-13 00:00:00",877738,0,7116,0,457553,783077.8571428572,614238.8571428572
"2021-03-14 00:00:00",197938,112014,218,0,18191,760231,767969.5714285715
"2021-03-15 00:00:00",292425,192403,12975,0,267945,676278.1428571428,618743.7142857143
"2021-03-16 00:00:00",302874,222081,4141,0,357220,675944.1428571428,623081.2857142857
"2021-03-17 00:00:00",420748,277549,23082,0,613,738345.5714285715,631964.7142857143
"2021-03-18 00:00:00",27215,0,2590,0,279891,689615,700548
"2021-03-19 00:00:00",547020,324215,21773,0,256407,786277.7142857143,748155
"2021-03-20 00:00:00",385887,196393,218,0,0,677719.2857142857,715329.4285714285
"2021-03-21 00:00:00",168045,54362,8448,0,114001,680075.5714285715,674200.5714285715
"2021-03-22 00:00:00",833766,481816,2784,0,263091,796605.2857142857,740904
"2021-03-23 00:00:00",345955,299001,12940,0,229242,796722.8571428572,778339.8571428572
"2021-03-24 00:00:00",696968,54362,2372,0,98527,815328.1428571428,809847.7142857143
"2021-03-25 00:00:00",117965,5558,11956,0,105964,805578,767265.5714285715
"2021-03-26 00:00:00",61098,267480,2768,0,276531,728215.4285714285,723206.2857142857
"2021-03-27 00:00:00",480235,372697,8708,0,273538,807169.8571428572,754519.8571428572
"2021-03-28 00:00:00",239531,118631,11388,0,0,810697.5714285715,744286.5714285715
"2021-03-29 00:00:00",531582,54024,7281,0,182015,695475.4285714285,746028.7142857143
"2021-03-30 00:00:00",262627,175850,6460,0,118454,649225.7142857143,717387.1428571428
"2021-03-31 00:00:00",176083,55440,4891,0,102312,575868.1428571428,637235.8571428572
"2021-04-01 00:00:00",495490,376338,4962,0,445715,730305.5714285715,687375.2857142857
"2021-04-02 00:00:00",212246,78756,4810,0,0,685724.7142857143,682448.7142857143
"2021-04-03 00:00:00",260255,287229,8050,0,194302,630675.7142857143,675942.4285714285
"2021-04-04 00:00:00",718952,3991,4970,0,10100,683313.4285714285,622124.8571428572
"2021-04-05 00:00:00",950745,145386,2372,0,343333,778589.7142857143,576796.7142857143
"2021-04-06 00:00:00",60256,238120,2011,0,63422,750078.1428571428,631703.8571428572
"2021-04-07 00:00:00",386855,299317,15144,0,102949,816583.5714285715,633356.7142857143
"2021-04-08 00:00:00",382302,394447,5756,0,0,739440.5714285715,575889.1428571428
"2021-04-09 00:00:00",208675,456151,7116,0,100175,807484.1428571428,607691.8571428572
"2021-04-10 00:00:00",405602,228732,21848,0,115356,810584.5714285715,558558.1428571428
"2021-04-11 00:00:00",247353,163221,2372,0,271389,802916.2857142857,650090.2857142857
"2021-04-12 00:00:00",573587,55440,2781,0,5897,688040.4285714285,636034.1428571428
"2021-04-13 00:00:00",129105,236821,16752,0,287896,731863.8571428572,729933.8571428572
"2021-04-14 00:00:00",704802,403982,3572,0,0,775877.1428571428,669010.2857142857
"2021-04-15 00:00:00",306339,232095,0,0,586067,824733.5714285715,690404.4285714285
"2021-04-16 00:00:00",1299985,204809,3695,0,0,929929.4285714285,659121
"2021-04-17 00:00:00",319194,169601,0,0,0,889537.2857142857,683810.8571428572
"2021-04-18 00:00:00",160915,0,5713,156,99930,829877,580768.5714285715
"2021-04-19 00:00:00",272221,285779,16543,0,5897,821696.4285714285,577698.1428571428
"2021-04-20 00:00:00",94226,445628,2206,0,153212,825224.8571428572,451992.14285714284
"2021-04-21 00:00:00",490280,275102,4682,0,196349,804375.8571428572,578608.4285714285
"2021-04-22 00:00:00",240006,305535,39438,0,0,727301.2857142857,538412
"2021-04-23 00:00:00",153121,84108,7304,0,263622,584396.5714285715,663349.7142857143
"2021-04-24 00:00:00",183870,113192,16853,0,394044,615705.8571428572,747295.8571428572
"2021-04-25 00:00:00",457237,208387,7978,0,10714,675363.4285714285,743722.1428571428
"2021-04-26 00:00:00",382070,294908,5972,0,262854,727558.1428571428,828985.7142857143
"2021-04-27 00:00:00",91990,303142,13055,0,0,686545.7142857143,797640
"2021-04-28 00:00:00",79515,199018,18624,0,217043,621943.8571428572,782912.7142857143
"2021-04-29 00:00:00",256631,312012,289,0,0,619651.5714285715,896899.5714285715
"2021-04-30 00:00:00",138274,208526,12459,0,276939,637943.4285714285,780854
"2021-05-01 00:00:00",498612,78623,2372,0,38688,625134.2857142857,726900.8571428572
"2021-05-02 00:00:00",95084,33032,13203,0,269350,586041.8571428572,687523.8571428572
"2021-05-03 00:00:00",426343,279457,6635,0,0,552703.5714285715,582703.5714285715
"2021-05-04 00:00:00",80744,223936,11072,0,5897,540341.1428571428,704851.8571428572
"2021-05-05 00:00:00",346473,274095,8348,0,138421,576503.4285714285,682719.7142857143
"2021-05-06 00:00:00",713043,259356,1089,0,386945,689575.1428571428,628330.5714285715
"2021-05-07 00:00:00",585463,166320,42675,0,101507,726684.8571428572,707587.4285714285
"2021-05-08 00:00:00",639317,311325,0,0,101374,788645,645010.7142857143
"2021-05-09 00:00:00",635966,172672,12464,0,0,847278.1428571428,733325
"2021-05-10 00:00:00",55326,307279,15622,0,10714,801064.7142857143,821924.8571428572
"2021-05-11 00:00:00",100333,161824,5752,0,396199,849987.4285714285,847402
"2021-05-12 00:00:00",130713,291561,20203,0,0,803578.8571428572,834347.4285714285
"2021-05-13 00:00:00",543699,88581,6427,156,5345,701261.1428571428,813979.8571428572
"2021-05-14 00:00:00",70824,267132,2526,0,272036,660768.5714285715,777499.7142857143
"2021-05-15 00:00:00",335307,175287,52265,0,990,591030.5714285715,852062
"2021-05-16 00:00:00",306795,241623,4889,0,0,552774.1428571428,909341
"2021-05-17 00:00:00",391707,402653,4476,0,189769,638440.4285714285,923797.7142857143
"2021-05-18 00:00:00",300526,275200,4127,0,153313,648305.8571428572,852155
"2021-05-19 00:00:00",254460,105399,4744,156,33398,641974.4285714285,841167.7142857143
"2021-05-20 00:00:00",1009345,404250,3158,0,266807,790453.1428571428,850443
"2021-05-21 00:00:00",251517,0,17875,156,275553,780822.1428571428,824077.8571428572
"2021-05-22 00:00:00",329644,415575,9574,0,131514,826887.4285714285,750241
"2021-05-23 00:00:00",208765,215960,9506,0,111839,825853.7142857143,695005.8571428572
"2021-05-24 00:00:00",1129334,294918,2372,0,0,888427.7142857143,621410.4285714285
"2021-05-25 00:00:00",246192,324741,11120,0,174385,891752.4285714285,557832.5714285715
"2021-05-26 00:00:00",229404,70857,2372,0,0,878106.1428571428,640542.5714285715
"2021-05-27 00:00:00",396323,310301,10876,0,459746,805775.5714285715,667751.8571428572
"2021-05-28 00:00:00",219110,167031,4744,0,108045,799179.7142857143,662317.5714285715
"2021-05-29 00:00:00",269934,494719,3043,0,429935,843654.5714285715,712370.1428571428
"2021-05-30 00:00:00",334315,12744,0,156,613,815334.1428571428,722017.2857142857
"2021-05-31 00:00:00",166783,321064,7841,0,0,682343.1428571428,785832.8571428572
"2021-06-01 00:00:00",123141,51239,25569,0,128089,621143.1428571428,798778.4285714285
"2021-06-02 00:00:00",52655,136005,2372,0,36379,610397.1428571428,679836.4285714285
"2021-06-03 00:00:00",961431,298791,10061,0,276615,663204.4285714285,716284.5714285715
"2021-06-04 00:00:00",218297,403053,5151,0,0,681428.8571428572,759225.4285714285
"2021-06-05 00:00:00",324186,338142,22719,0,240678,642585.2857142857,735838.8571428572
"2021-06-06 00:00:00",357169,166756,29604,0,10100,673414.1428571428,722309.7142857143
"2021-06-07 00:00:00",685847,428941,2937,0,156004,784563.1428571428,705665.4285714285
"2021-06-08 00:00:00",70650,0,218,0,106748,763074.1428571428,755594.2857142857
"2021-06-09 00:00:00",0,110880,1920,0,156846,769107.7142857143,813731.5714285715
"2021-06-10 00:00:00",363106,255808,4858,0,10100,638675.7142857143,696036
"2021-06-11 00:00:00",89132,68710,0,0,0,571724.2857142857,710570.1428571428
"2021-06-12 00:00:00",167838,372992,5357,0,590557,601869.7142857143,742530.7142857143
"2021-06-13 00:00:00",115592,318429,2590,0,35151,588745.7142857143,727508.2857142857
"2021-06-14 00:00:00",208177,60575,0,0,742,445283.4285714286,759381.5714285715
"2021-06-15 00:00:00",696153,170213,3999,0,289306,585577,610503.2857142857
"2021-06-16 00:00:00",562488,338226,23941,0,228471,711788.5714285715,666415.2857142857
"2021-06-17 00:00:00",350047,193467,5599,0,743,699786,774766.2857142857
"2021-06-18 00:00:00",509944,183164,11406,0,83807,789854.8571428572,735785.7142857143
"2021-06-19 00:00:00",495613,78250,13299,0,98769,725453,827570.7142857143
"2021-06-20 00:00:00",820160,355071,4744,0,310192,870939.4285714285,854245
"2021-06-21 00:00:00",871635,230847,5309,0,289445,1032045.5714285715,865683.2857142857
"2021-06-22 00:00:00",281395,281466,14156,0,261133,986114,967584.1428571428
"2021-06-23 00:00:00",185709,411032,4986,0,0,907342.5714285715,909668.5714285715
"2021-06-24 00:00:00",453848,80244,5255,0,288190,947011.4285714285,983863.7142857143
"2021-06-25 00:00:00",203197,372523,6656,0,0,917590.4285714285,984445.8571428572
"2021-06-26 00:00:00",63723,39198,27002,0,285248,878910.4285714285,845091.4285714285
"2021-06-27 00:00:00",878519,307774,3594,0,169955,860292.5714285715,836966.2857142857
"2021-06-28 00:00:00",938798,367075,218,0,145286,868026.8571428572,826025.7142857143
"2021-06-29 00:00:00",568347,253897,3518,0,87640,878777.2857142857,846540
"2021-06-30 00:00:00",144841,229437,18871,0,11724,850655.2857142857,859861.4285714285
"2021-07-01 00:00:00",288234,226942,1808,0,211566,836514.2857142857,800600.2857142857
"2021-07-02 00:00:00",206840,246578,1892,0,144391,838989.1428571428,765995.2857142857
"2021-07-03 00:00:00",513143,288803,2372,0,443970,958005.8571428572,852542.2857142857
"2021-07-04 00:00:00",516718,152523,1983,0,586,859715.5714285715,857154.1428571428
"2021-07-05 00:00:00",103326,360942,21309,0,134105,740902.1428571428,931975.4285714285
"2021-07-06 00:00:00",806186,238099,16019,0,533893,838158.4285714285,888834.7142857143
"2021-07-07 00:00:00",86894,279796,218,0,142784,853132.5714285715,814171
"2021-07-08 00:00:00",464379,0,7357,0,0,816444.5714285715,762450.4285714285
"2021-07-09 00:00:00",510606,173172,2372,0,742,828900.4285714285,822351.8571428572
"2021-07-10 00:00:00",322990,317450,8551,0,414884,802555.7142857143,791526.5714285715
"2021-07-11 00:00:00",110392,282870,18964,156,10100,766937.5714285715,752636.2857142857
"2021-07-12 00:00:00",47799,214912,4962,0,0,716650.5714285715,609642.8571428572
"2021-07-13 00:00:00",21973,110880,0,0,111652,523837.28571428574,670054
"2021-07-14 00:00:00",400060,198381,4744,156,940,537350,769483.2857142857
"2021-07-15 00:00:00",783162,0,4962,0,0,582548.4285714285,777452.5714285715
"2021-07-16 00:00:00",266937,226495,0,0,34106,559783.8571428572,770171.7142857143
"2021-07-17 00:00:00",275994,239006,0,0,5897,482215.5714285714,751432.8571428572
"2021-07-18 00:00:00",475330,217032,18700,156,0,523463.28571428574,770114.1428571428
"2021-07-19 00:00:00",463528,227469,20615,0,362048,638604.1428571428,758670.8571428572
"2021-07-20 00:00:00",557894,273954,0,0,46468,729148.7142857143,774572.4285714285
"2021-07-21 00:00:00",903858,369069,25032,0,10100,829688.5714285715,748424.8571428572
"2021-07-22 00:00:00",423846,167315,1343,0,11458,803379.8571428572,785001.4285714285
"2021-07-23 00:00:00",22078,245080,0,0,0,766182.5714285715,732236.7142857143
"2021-07-24 00:00:00",70712,212361,26460,0,472495,803487,754748.5714285715
"2021-07-25 00:00:00",209671,0,13069,156,235,733760.4285714285,726061.2857142857
"2021-07-26 00:00:00",57952,55440,2545,0,281986,637226.4285714285,764773.8571428572
"2021-07-27 00:00:00",1147604,467929,2563,0,5310,743667.8571428572,698956.2857142857
"2021-07-28 00:00:00",10655,55440,0,156,0,566266.5714285715,715142
"2021-07-29 00:00:00",57469,67181,8166,0,0,498960,692599.1428571428
"2021-07-30 00:00:00",472012,383737,7116,0,324867,630470.7142857143,653560
"2021-07-31 00:00:00",1114169,110880,0,0,102584,708414.2857142857,646852.7142857143
"2021-08-01 00:00:00",290620,229640,5652,0,28530,755744.5714285715,741961.7142857143
"2021-08-02 00:00:00",498707,250479,0,0,127050,824075.2857142857,696038
"2021-08-03 00:00:00",999060,711136,22972,0,240105,874056.4285714285,672036.4285714285
"2021-08-04 00:00:00",357211,176279,9298,0,9423,943479.5714285715,640888.7142857143
"2021-08-05 00:00:00",530722,80575,11261,0,99488,1027655.1428571428,692699.4285714285
"2021-08-06 00:00:00",416849,430751,14107,0,0,981080,893325.2857142857
"2021-08-07 00:00:00",307572,207087,3322,0,0,865415.2857142857,808178.2857142857
"2021-08-08 00:00:00",1049855,180328,10041,156,496,963477.1428571428,777141.1428571428
"2021-08-09 00:00:00",194428,175474,5730,0,11275,893573.1428571428,800267.1428571428
"2021-08-10 00:00:00",220379,347519,3836,156,167964,717370.4285714285,750753.4285714285
"2021-08-11 00:00:00",233915,55440,2372,0,3297,680629.1428571428,762102.8571428572
"2021-08-12 00:00:00",401719,297229,721,156,227947,710018.5714285715,671310.2857142857
"2021-08-13 00:00:00",252848,367055,33328,0,4360,680859.1428571428,557293.1428571428
"2021-08-14 00:00:00",509588,65216,10278,0,267919,728719.4285714285,641898
"2021-08-15 00:00:00",141693,226944,1150,0,0,604278.1428571428,607741.5714285715
"2021-08-16 00:00:00",564419,110040,13767,0,51884,654735.4285714285,692116
"2021-08-17 00:00:00",423044,110880,3381,0,170289,650126.8571428572,756560.2857142857
"2021-08-18 00:00:00",374045,376965,0,0,20684,718222.7142857143,853944.5714285715
"2021-08-19 00:00:00",121996,230321,1731,0,0,636262.1428571428,833098.4285714285
"2021-08-20 00:00:00",602698,354233,21661,0,392,682175.4285714285,849782.2857142857
"2021-08-21 00:00:00",995924,672152,13422,156,213433,831044.8571428572,877865.5714285715
"2021-08-22 00:00:00",437991,175087,7116,156,0,866839.7142857143,828939.1428571428
"2021-08-23 00:00:00",0,0,1258,0,34106,766161.5714285715,785957.1428571428
"2021-08-24 00:00:00",45285,309667,3037,0,302157,759383.2857142857,805230.4285714285
"2021-08-25 00:00:00",38532,170072,0,0,17196,681398.2857142857,646045.5714285715
"2021-08-26 00:00:00",605253,110880,23703,0,291738,778187.7142857143,633008.7142857143
"2021-08-27 00:00:00",19266,82896,0,0,0,652927.2857142857,657847
"2021-08-28 00:00:00",120760,0,12048,0,106128,416334.14285714284,594921.5714285715
"2021-08-29 00:00:00",19021,683152,0,0,270463,466660.4285714286,677663.5714285715
"2021-08-30 00:00:00",391734,459007,26985,312,10583,588554.5714285715,626487.5714285715
"2021-08-31 00:00:00",19266,307774,0,0,14530,543043.4285714285,717620.7142857143
"2021-09-01 00:00:00",92570,55440,3695,0,261770,569854,719454
"2021-09-02 00:00:00",135668,236334,0,156,30302,479980.5714285714,806297.8571428572
"2021-09-03 00:00:00",462562,136991,33314,0,0,555795.7142857143,792465.5714285715
"2021-09-04 00:00:00",485764,324452,5017,0,241576,672635,748172.4285714285
"2021-09-05 00:00:00",0,0,0,0,5897,534529.4285714285,723445.7142857143
"2021-09-06 00:00:00",891208,229874,0,0,169631,591971,793672.2857142857
"2021-09-07 00:00:00",257993,171873,1322,0,0,604773.8571428572,688739.8571428572
"2021-09-08 00:00:00",380094,866690,19842,0,133562,745733,709442.2857142857
"2021-09-09 00:00:00",47554,197478,2208,156,35602,728667,732656.2857142857
"2021-09-10 00:00:00",709308,235622,8394,0,181792,800417,611551.5714285715
"2021-09-11 00:00:00",575979,107625,695,0,267632,785434.2857142857,681500.8571428572
"2021-09-12 00:00:00",322737,260783,2663,0,1176,868500.5714285715,626101.4285714285
"2021-09-13 00:00:00",375950,59674,4744,156,198683,775428.2857142857,542537.1428571428
"2021-09-14 00:00:00",362418,251639,0,0,0,801552.2857142857,520716.4285714286
"2021-09-15 00:00:00",247566,272103,3043,0,10100,677641.4285714285,558417.5714285715
"2021-09-16 00:00:00",199505,399611,6739,0,408460,782115.4285714285,614769.8571428572
"2021-09-17 00:00:00",714041,468815,16805,0,24106,794779.7142857143,682610.1428571428
"2021-09-18 00:00:00",114516,164594,10518,0,0,700164.8571428572,676225
"2021-09-19 00:00:00",4319,0,0,0,11754,618552.4285714285,744646.5714285715
"2021-09-20 00:00:00",1019751,650529,7217,156,140936,787035.7142857143,881656.4285714285
"2021-09-21 00:00:00",83005,357466,23559,156,267175,803793.4285714285,920008.4285714285
"2021-09-22 00:00:00",427305,0,2833,0,90850,802104.2857142857,896727.1428571428
"2021-09-23 00:00:00",78183,271806,5328,0,206464,737456.5714285715,748187
"2021-09-24 00:00:00",356882,239839,0,0,296638,690255.5714285715,755372.5714285715
"2021-09-25 00:00:00",830746,166784,8884,0,10100,794096.7142857143,773846.1428571428
"2021-09-26 00:00:00",250585,161056,17873,0,10100,854602.7142857143,751414
"2021-09-27 00:00:00",1184810,55440,4962,156,272415,811630.2857142857,637713.8571428572
"2021-09-28 00:00:00",372469,0,2372,0,0,760698.8571428572,577364.5714285715
"2021-09-29 00:00:00",181396,607510,7116,0,127050,818139.5714285715,622842.5714285715
"2021-09-30 00:00:00",206917,0,11013,0,411159,827755,635806.8571428572
"2021-10-01 00:00:00",258828,372530,19243,312,0,793119.8571428572,611007.8571428572
"2021-10-02 00:00:00",568448,212800,1335,0,0,759700.8571428572,589975
"2021-10-03 00:00:00",483972,543818,40155,0,281807,889720.5714285715,594444.4285714285
"2021-10-04 00:00:00",630077,261685,9990,0,10100,803159.1428571428,579519.1428571428
"2021-10-05 00:00:00",207798,217599,7474,0,165505,835092.8571428572,631339
"2021-10-06 00:00:00",3212,13308,15665,156,38681,713371.2857142857,579237.2857142857
"2021-10-07 00:00:00",270563,317866,35120,0,742,712685.8571428572,577315
"2021-10-08 00:00:00",202576,87540,6225,156,322656,708148.8571428572,614362.4285714285
"2021-10-09 00:00:00",1020638,225169,9029,0,178404,801100,523235.28571428574
"2021-10-10 00:00:00",611517,214594,688,0,0,726392.2857142857,602370.5714285715
"2021-10-11 00:00:00",559012,311900,3477,0,0,721040.2857142857,649771.4285714285
"2021-10-12 00:00:00",815064,274973,2372,0,19181,794356.5714285715,690532.5714285715
"2021-10-13 00:00:00",340265,0,2645,156,186709,859892.7142857143,691413.8571428572
"2021-10-14 00:00:00",26361,209881,22713,0,0,807701.7142857143,721928.4285714285
"2021-10-15 00:00:00",628540,496757,2956,0,38055,885866.5714285715,799442.5714285715
"2021-10-16 00:00:00",109203,0,0,0,99984,711001.7142857143,931843.5714285715
"2021-10-17 00:00:00",113875,474699,218,0,415632,736376.5714285715,806877
"2021-10-18 00:00:00",187898,162450,13686,312,0,663513.2857142857,829092.5714285715
"2021-10-19 00:00:00",57677,0,0,0,0,512954,706730.1428571428
"2021-10-20 00:00:00",727141,711178,1598,156,18392,645624.1428571428,681326.7142857143
"2021-10-21 00:00:00",187401,255412,12481,156,196036,701700.1428571428,773329.5714285715
"2021-10-22 00:00:00",289495,365713,9729,0,127050,648225.8571428572,675742.1428571428
"2021-10-23 00:00:00",173543,279563,553,0,333763,730830.8571428572,609795.4285714285
"2021-10-24 00:00:00",6109,94531,2372,0,29161,606223.5714285715,664613
"2021-10-25 00:00:00",19729,479063,1201,0,7111,626617.5714285715,603156.8571428572
"2021-10-26 00:00:00",268635,558546,13787,0,10100,739959.4285714285,680789.2857142857
"2021-10-27 00:00:00",1063409,55440,768,0,124151,709288.2857142857,812022.4285714285
"2021-10-28 00:00:00",191304,225886,3377,0,287811,717415.7142857143,711277.2857142857
"2021-10-29 00:00:00",384753,144532,831,0,90523,692937.1428571428,721577.7142857143
"2021-10-30 00:00:00",372105,184485,0,156,332725,707515.7142857143,728641.5714285715
"2021-10-31 00:00:00",407547,113832,4755,0,100944,778216.5714285715,765357.1428571428
"2021-11-01 00:00:00",219729,386234,0,0,325413,838826.8571428572,836361.2857142857
"2021-11-02 00:00:00",172969,84458,8650,0,0,755256.5714285715,774151
"2021-11-03 00:00:00",374543,96312,6743,0,8656,647040.2857142857,697377.1428571428
"2021-11-04 00:00:00",90113,503711,0,0,149376,652014.8571428572,815304.8571428572
"2021-11-05 00:00:00",302865,0,0,0,15324,608807.5714285715,875949.8571428572
"2021-11-06 00:00:00",457560,166320,5222,0,11181,573209.1428571428,863224.4285714285
"2021-11-07 00:00:00",19049,0,0,0,47673,493158.14285714284,789629.1428571428
"2021-11-08 00:00:00",91042,0,0,0,0,373110.28571428574,713241.5714285715
"2021-11-09 00:00:00",1364076,1017826,25433,2620,241694,713906.4285714285,784447.7142857143
"2021-11-10 00:00:00",472942,247512,2590,0,253737,783981.7142857143,716332.5714285715
"2021-11-11 00:00:00",307048,314910,2409,0,44370,773344,672228.5714285715
"2021-11-12 00:00:00",72637,142044,60159,156,45350,773652.4285714285,596629.1428571428
"2021-11-13 00:00:00",379761,451660,2372,0,151197,822896.2857142857,679815.4285714285
"2021-11-14 00:00:00",1350350,55440,2775,0,299743,1057408.7142857143,685656.2857142857
"2021-11-15 00:00:00",161743,219043,3103,0,457605,1164616.4285714286,753836.8571428572
"2021-11-16 00:00:00",411583,339280,0,156,47575,899894.2857142857,806507.2857142857
"2021-11-17 00:00:00",900937,295933,0,0,235,931369.1428571428,826773.7142857143
"2021-11-18 00:00:00",77887,195449,579,0,1897,875237,752313.2857142857
"2021-11-19 00:00:00",188226,265476,21968,0,0,897426,765249.5714285715
"2021-11-20 00:00:00",522929,230114,6945,0,10100,866725.8571428572,738376.4285714285
"2021-11-21 00:00:00",106803,9908,3316,0,268734,678219.2857142857,727204
"2021-11-22 00:00:00",175677,402212,30388,0,10100,646345.4285714285,693740.5714285715
"2021-11-23 00:00:00",66363,279111,6499,0,0,582542.2857142857,719370
"2021-11-24 00:00:00",544007,264580,7631,177,104076,543023.1428571428,790200.4285714285
"2021-11-25 00:00:00",327198,136157,23543,0,320974,619031.8571428572,773385.7142857143
"2021-11-26 00:00:00",829821,55440,9102,0,317930,724263.7142857143,798196.2857142857
"2021-11-27 00:00:00",359440,227886,0,0,0,698154.7142857143,815226
"2021-11-28 00:00:00",368578,269288,11573,0,100549,749758.4285714285,853118.5714285715
"2021-11-29 00:00:00",113869,340635,9797,0,0,727747.4285714285,996765
"2021-11-30 00:00:00",280157,0,0,0,0,717487.8571428572,874683.8571428572
"2021-12-01 00:00:00",105326,141928,15926,0,258020,660449.1428571428,803250.4285714285
"2021-12-02 00:00:00",623608,110880,12533,0,16500,654113,809663.7142857143
"2021-12-03 00:00:00",663106,92753,218,0,225914,621212.7142857143,825063
"2021-12-04 00:00:00",155661,65321,14800,177,11468,572655.8571428572,779396
"2021-12-05 00:00:00",334246,250861,6191,0,153290,571884.4285714285,815708.2857142857
"2021-12-06 00:00:00",182373,83619,32142,0,9892,549559.4285714285,722519.7142857143
"2021-12-07 00:00:00",133622,262559,2977,0,1516,566776.2857142857,771183
"2021-12-08 00:00:00",336452,308600,9498,0,172482,610466.7142857143,832892.7142857143
"2021-12-09 00:00:00",51177,271646,11116,0,99234,563274.4285714285,806550.8571428572
"2021-12-10 00:00:00",708849,187810,830,0,10100,552645.7142857143,809974.5714285715
"2021-12-11 00:00:00",648865,360675,7610,0,1025,662752.2857142857,771507.4285714285
"2021-12-12 00:00:00",576769,457112,4658,0,444231,768207,729899.2857142857
"2021-12-13 00:00:00",18641,130888,13485,0,1715,747736.2857142857,641605.1428571428
"2021-12-14 00:00:00",210628,318724,7588,0,242948,801909.5714285715,703893.5714285715
"2021-12-15 00:00:00",372249,199972,13901,0,317822,812897,736384.1428571428
"2021-12-16 00:00:00",412715,252377,2372,0,127050,864517.1428571428,729063.4285714285
"2021-12-17 00:00:00",68355,0,2372,0,613,745052.8571428572,669578.2857142857
"2021-12-18 00:00:00",146229,325781,6001,0,487320,737503.8571428572,666468.1428571428
"2021-12-19 00:00:00",405317,148278,10147,0,279258,646108,682362.5714285715
"2021-12-20 00:00:00",267917,55440,8548,0,425388,730759.7142857143,748634.5714285715
"2021-12-21 00:00:00",658142,258605,1576,0,26322,754296.5714285715,624145.8571428572
"2021-12-22 00:00:00",463306,190538,25171,0,1134,722325.8571428572,528234
"2021-12-23 00:00:00",231300,208836,10559,0,0,673208.7142857143,693597.5714285715
"2021-12-24 00:00:00",0,0,0,0,130664,681683.4285714285,700036.7142857143
"2021-12-25 00:00:00",308774,223530,722,0,297852,662476,826671.7142857143
"2021-12-26 00:00:00",510896,305446,13561,0,10092,662046.8571428572,774879.1428571428
"2021-12-27 00:00:00",275967,252354,7911,0,198706,658853.2857142857,806334.2857142857
"2021-12-28 00:00:00",137017,399713,4189,0,266462,639244.1428571428,817268.1428571428
"2021-12-29 00:00:00",279350,204260,4258,0,549830,690322.4285714285,757595.4285714285
"2021-12-30 00:00:00",534172,300843,1363,0,10869,746972.7142857143,588616.2857142857
"2021-12-31 00:00:00",169885,346839,10736,0,45507,810159.2857142857,626952.7142857143
"2022-01-01 00:00:00",373599,309793,27064,0,90496,805884.1428571428,561942.4285714285
"2022-01-02 00:00:00",365004,88396,14204,0,319287,798297.8571428572,614872.5714285715
"2022-01-03 00:00:00",596093,252790,28108,0,155578,840816.5714285715,547621.1428571428
"2022-01-04 00:00:00",308132,268590,5308,0,165043,832201.1428571428,557391
"2022-01-05 00:00:00",342555,439148,15408,0,3421,798320.2857142857,719407.8571428572
"2022-01-06 00:00:00",343742,221067,2372,0,102496,772953.1428571428,726708.8571428572
"2022-01-07 00:00:00",299477,277833,24146,0,0,777022.7142857143,677438.1428571428
"2022-01-08 00:00:00",519068,91562,26129,0,461700,819523.4285714285,648413.5714285715
"2022-01-09 00:00:00",125462,268014,0,0,0,763321,639307.5714285715
"2022-01-10 00:00:00",193482,159688,11418,0,0,667895.2857142857,671017
"2022-01-11 00:00:00",236066,412326,12880,0,320153,701374.2857142857,792425.4285714285
"2022-01-12 00:00:00",138505,172939,976,0,22161,634810,729055.7142857143
"2022-01-13 00:00:00",1219240,403138,0,0,155094,793066.4285714285,747605.7142857143
"2022-01-14 00:00:00",281547,55440,3533,0,277113,795377.4285714285,797778.1428571428
"2022-01-15 00:00:00",142312,280341,8532,177,10100,701521,794715.1428571428
"2022-01-16 00:00:00",351642,292902,28827,0,223041,773369.1428571428,755974
"2022-01-17 00:00:00",252921,201626,11948,0,20856,790906.5714285715,738295.2857142857
"2022-01-18 00:00:00",392662,166948,5845,0,251925,767471.4285714285,783334.4285714285
"2022-01-19 00:00:00",305573,243775,15342,0,243388,835113.8571428572,765474.1428571428
"2022-01-20 00:00:00",408090,68398,4502,0,7537,650979,799029.4285714285
"2022-01-21 00:00:00",169438,55440,0,0,200606,623529,667951.7142857143
"2022-01-22 00:00:00",233542,287402,8642,0,110086,651844.7142857143,725007.4285714285
"2022-01-23 00:00:00",183563,481751,6616,0,305780,663458.8571428572,748333.4285714285
"2022-01-24 00:00:00",778017,334721,3944,0,169105,777521.1428571428,745580.4285714285
"2022-01-25 00:00:00",240593,0,2372,0,613,695549.4285714285,619685.5714285715
"2022-01-26 00:00:00",685668,324561,6843,0,117533,742196.1428571428,619069
"2022-01-27 00:00:00",336348,284294,2372,0,344319,810596.8571428572,663068
"2022-01-28 00:00:00",670000,292103,4105,0,31858,892394.5714285715,712290.8571428572
"2022-01-29 00:00:00",511205,289296,35370,0,214191,951021.7142857143,652949.2857142857
"2022-01-30 00:00:00",214269,149569,21139,0,10100,867788.4285714285,631166.4285714285
"2022-01-31 00:00:00",48356,390933,3848,0,0,747410,709913
"2022-02-01 00:00:00",395926,329451,15386,0,0,818436.2857142857,683858.7142857143
"2022-02-02 00:00:00",184930,40572,0,0,280454,728629.2857142857,690386.5714285715
"2022-02-03 00:00:00",163426,159520,13718,0,20800,641505.1428571428,639805.1428571428
"2022-02-04 00:00:00",197093,164750,0,0,191299,577944.4285714285,609428.7142857143
"2022-02-05 00:00:00",74164,178611,0,0,0,464046.14285714284,694295.1428571428
"2022-02-06 00:00:00",322832,95968,0,0,46598,474092,713985.8571428572
"2022-02-07 00:00:00",324557,0,1280,0,500502,528835.1428571428,661327.8571428572
"2022-02-08 00:00:00",51243,286203,0,0,5897,472061,635282.7142857143
"2022-02-09 00:00:00",209791,425228,0,0,26099,494226.85714285716,654118.2857142857
"2022-02-10 00:00:00",606732,243118,0,0,376610,618369.1428571428,569714
"2022-02-11 00:00:00",453334,194698,582,0,0,632008.1428571428,703921.4285714285
"2022-02-12 00:00:00",178075,54522,36721,0,0,634371.5714285715,614571.1428571428
"2022-02-13 00:00:00",474324,500380,2160,0,10100,708881,643139
"2022-02-14 00:00:00",422235,0,8679,0,323373,698587.5714285715,613537.8571428572
"2022-02-15 00:00:00",301643,372797,19832,0,139273,768616.5714285715,664620.1428571428
"2022-02-16 00:00:00",172650,90183,3453,0,308451,756276.5714285715,620264
"2022-02-17 00:00:00",724919,269646,14280,156,4675,725879,697587.2857142857
"2022-02-18 00:00:00",304363,291265,11347,0,283533,760435.2857142857,695602.5714285715
"2022-02-19 00:00:00",318934,284313,0,0,15998,810424.7142857143,690774.2857142857
"2022-02-20 00:00:00",228069,55440,8622,0,38612,716678.7142857143,727520.1428571428
"2022-02-21 00:00:00",310511,270234,2754,0,309470,736490.5714285715,694464.2857142857
"2022-02-22 00:00:00",433597,265371,9449,0,401411,775959.5714285715,748883.5714285715
"2022-02-23 00:00:00",209706,220847,5683,0,10100,757616.5714285715,790185.7142857143
"2022-02-24 00:00:00",343664,198897,2372,0,1112,690812.1428571428,796453.7142857143
"2022-02-25 00:00:00",608058,343554,7436,0,91506,713675.8571428572,701296.8571428572
"2022-02-26 00:00:00",146129,176541,5116,0,10714,673569.2857142857,779134.8571428572
"2022-02-27 00:00:00",248003,88600,8351,0,105224,690631.4285714285,735485
"2022-02-28 00:00:00",835574,319307,29116,0,282395,772549.2857142857,797591.1428571428
"2022-03-01 00:00:00",259625,37270,3448,0,0,656908.4285714285,748497.7142857143
"2022-03-02 00:00:00",182734,255491,27382,0,365923,711936.1428571428,783534.2857142857
"2022-03-03 00:00:00",261709,191462,27716,0,39093,708212.5714285715,855280.4285714285
"2022-03-04 00:00:00",461581,65300,5074,0,100337,648460.8571428572,949522
"2022-03-05 00:00:00",655554,236005,8495,0,10100,730126,838494.7142857143
"2022-03-06 00:00:00",154784,70641,9327,0,208809,729180.8571428572,785178.8571428572
"2022-03-07 00:00:00",562056,68923,2958,0,289626,651633.5714285715,742614.2857142857
"2022-03-08 00:00:00",402035,309196,1404,0,46811,717219.8571428572,818252.8571428572
"2022-03-09 00:00:00",159396,334464,7191,0,0,670008.4285714285,807687.2857142857
"2022-03-10 00:00:00",294300,257571,1322,0,10100,676196,678077.2857142857
"2022-03-11 00:00:00",372560,174664,2372,177,94717,677938.4285714285,620896.2857142857
"2022-03-12 00:00:00",145475,174651,6227,0,424605,655196,645850.4285714285
"2022-03-13 00:00:00",244364,450655,22045,0,10100,695710.5714285715,783077.8571428572
"2022-03-14 00:00:00",216894,317992,4744,0,613,640950.5714285715,760231
"2022-03-15 00:00:00",245006,55440,2372,0,57438,583923.1428571428,676278.1428571428
"2022-03-16 00:00:00",236044,317473,11332,0,102165,607632.2857142857,675944.1428571428
"2022-03-17 00:00:00",1435607,186356,0,0,15358,761064.7142857143,738345.5714285715
"2022-03-18 00:00:00",757037,55440,9473,156,11294,788052,689615
"2022-03-19 00:00:00",382319,217162,0,0,0,766412.4285714285,786277.7142857143
"2022-03-20 00:00:00",686553,236487,19443,0,44152,803479.8571428572,677719.2857142857
"2022-03-21 00:00:00",320982,173689,2372,0,113554,813530.5714285715,680075.5714285715
"2022-03-22 00:00:00",358691,172765,2813,0,5897,839232.1428571428,796605.2857142857
"2022-03-23 00:00:00",308274,265898,25377,0,287957,870730.8571428572,796722.8571428572
"2022-03-24 00:00:00",399694,203964,7261,0,0,724102,815328.1428571428
"2022-03-25 00:00:00",95066,0,3308,156,0,619120.2857142857,805578
"2022-03-26 00:00:00",247786,272030,1260,0,290622,649437,728215.4285714285
"2022-03-27 00:00:00",326466,220079,20783,0,1521,589753.1428571428,807169.8571428572
"2022-03-28 00:00:00",933228,165012,17411,0,423586,722415.8571428572,810697.5714285715
"2022-03-29 00:00:00",374201,361456,10216,0,235,751836.2857142857,695475.4285714285
"2022-03-30 00:00:00",54422,201049,11423,0,2398,663520,649225.7142857143
"2022-03-31 00:00:00",540406,242916,0,156,22313,691358.8571428572,575868.1428571428
"2022-04-01 00:00:00",619291,315159,9869,0,286223,853075.1428571428,730305.5714285715
"2022-04-02 00:00:00",126548,229112,14210,0,276123,829403.1428571428,685724.7142857143
"2022-04-03 00:00:00",473630,23470,1170,0,36550,824541.8571428572,630675.7142857143
"2022-04-04 00:00:00",473685,459396,2372,0,41232,744177.4285714285,683313.4285714285
"2022-04-05 00:00:00",86107,325430,3087,0,27891,700806.8571428572,778589.7142857143
"2022-04-06 00:00:00",120394,100887,130,0,229239,726715.2857142857,750078.1428571428
"2022-04-07 00:00:00",618190,137084,6219,0,92605,733616.4285714285,816583.5714285715
"2022-04-08 00:00:00",650169,174243,9015,0,23713,680273.2857142857,739440.5714285715
"2022-04-09 00:00:00",419817,104918,14191,0,187868,691816.2857142857,807484.1428571428
"2022-04-10 00:00:00",139529,0,975,0,0,635485.2857142857,810584.5714285715
"2022-04-11 00:00:00",410094,371995,12943,0,327291,656290.5714285715,802916.2857142857
"2022-04-12 00:00:00",191525,126249,32938,1905,0,643448.1428571428,688040.4285714285
"2022-04-13 00:00:00",170201,282466,11445,0,264744,683191.5714285715,731863.8571428572
"2022-04-14 00:00:00",443153,414152,5090,0,270823,723065.8571428572,775877.1428571428
"2022-04-15 00:00:00",409952,156313,2913,0,0,681928.4285714285,824733.5714285715
"2022-04-16 00:00:00",985650,102254,17381,0,127070,754151.2857142857,929929.4285714285
"2022-04-17 00:00:00",1151437,174393,998,0,319231,969230.7142857143,889537.2857142857
"2022-04-18 00:00:00",219398,0,2372,0,372707,893824.2857142857,829877
"2022-04-19 00:00:00",25501,328057,8845,0,2520,895582.2857142857,821696.4285714285
"2022-04-20 00:00:00",219103,22479,1496,0,297049,868621.2857142857,825224.8571428572
"2022-04-21 00:00:00",172851,122707,32781,0,15998,755923.8571428572,804375.8571428572
"2022-04-22 00:00:00",127594,201499,5814,0,10714,723986.8571428572,727301.2857142857
"2022-04-23 00:00:00",313532,55428,4777,0,141499,621541.4285714285,584396.5714285715
"2022-04-24 00:00:00",90774,0,0,0,0,399357.71428571426,615705.8571428572
"2022-04-25 00:00:00",0,0,0,0,0,314432.14285714284,675363.4285714285
"2022-04-26 00:00:00",349735,179217,13222,0,179775,365435.85714285716,727558.1428571428
"2022-04-27 00:00:00",1544654,229876,20600,156,44060,551038.4285714285,686545.7142857143
"2022-04-28 00:00:00",634869,193133,2372,0,34106,625344.7142857143,621943.8571428572
"2022-04-29 00:00:00",246530,49811,2021,0,209561,648530.8571428572,619651.5714285715
"2022-04-30 00:00:00",182228,176904,16159,0,613,628626.1428571428,637943.4285714285
"2022-05-01 00:00:00",260870,207496,2372,156,77236,693962.8571428572,625134.2857142857
"2022-05-02 00:00:00",190243,310719,5217,0,0,766274.2857142857,586041.8571428572
"2022-05-03 00:00:00",396510,80397,17043,0,163390,757044.5714285715,552703.5714285715
"2022-05-04 00:00:00",436049,429938,8442,0,0,619199.2857142857,540341.1428571428
"2022-05-05 00:00:00",400568,229657,1614,156,306327,629748,576503.4285714285
"2022-05-06 00:00:00",433638,150106,7296,0,283183,682076.7142857143,689575.1428571428
"2022-05-07 00:00:00",273907,183858,21079,0,0,696782.4285714285,726684.8571428572
"2022-05-08 00:00:00",481373,220037,1841,156,0,718964.8571428572,788645
"2022-05-09 00:00:00",549672,168452,5852,0,209842,780056.2857142857,847278.1428571428
"2022-05-10 00:00:00",99877,119087,14046,0,24956,723002.5714285715,801064.7142857143
"2022-05-11 00:00:00",396003,23805,0,0,302899,701328.1428571428,849987.4285714285
"2022-05-12 00:00:00",666473,371288,0,0,160590,738475.1428571428,803578.8571428572
"2022-05-13 00:00:00",684140,63830,0,0,346208,769897.1428571428,701261.1428571428
"2022-05-14 00:00:00",464135,59827,7984,0,68783,787309.2857142857,660768.5714285715
"2022-05-15 00:00:00",186701,319767,31194,0,79758,775025.5714285715,591030.5714285715
"2022-05-16 00:00:00",586521,31450,5576,0,110028,746419.2857142857,552774.1428571428
"2022-05-17 00:00:00",683725,30435,3532,0,123627,829755.5714285715,638440.4285714285
"2022-05-18 00:00:00",85292,320479,7532,0,5227,786301.5714285715,648305.8571428572
"2022-05-19 00:00:00",515863,175370,21948,0,338845,765398.1428571428,641974.4285714285
"2022-05-20 00:00:00",504014,242409,3093,0,0,716160.7142857143,790453.1428571428
"2022-05-21 00:00:00",56181,52296,24055,0,6511,650205.5714285715,780822.1428571428
"2022-05-22 00:00:00",192204,350699,6396,0,127050,658624,826887.4285714285
"2022-05-23 00:00:00",205540,174154,34630,1353,149832,634614.7142857143,825853.7142857143
"2022-05-24 00:00:00",367574,442504,2516,0,34078,635379.2857142857,888427.7142857143
"2022-05-25 00:00:00",135865,256439,10465,0,261860,670536.2857142857,891752.4285714285
"2022-05-26 00:00:00",321167,197652,37423,0,431369,661334,878106.1428571428
"2022-05-27 00:00:00",482784,269800,0,156,0,661794.5714285715,805775.5714285715
"2022-05-28 00:00:00",360867,265818,11929,0,139580,753102,799179.7142857143
"2022-05-29 00:00:00",324044,144970,0,0,0,723482.5714285715,843654.5714285715
"2022-05-30 00:00:00",475496,74112,6765,0,547151,800341.8571428572,815334.1428571428
"2022-05-31 00:00:00",518229,243401,30551,0,990,792699,682343.1428571428
"2022-06-01 00:00:00",350071,199710,1812,0,2878,776962.1428571428,621143.1428571428
"2022-06-02 00:00:00",0,0,0,0,0,635874.7142857143,610397.1428571428
"2022-06-03 00:00:00",471411,280169,0,0,0,635708.8571428572,663204.4285714285
"2022-06-04 00:00:00",22982,0,195,0,0,527849.1428571428,681428.8571428572
"2022-06-05 00:00:00",1158538,429516,20805,156,352785,741104.2857142857,642585.2857142857
"2022-06-06 00:00:00",546428,293722,4086,156,100877,718496.4285714285,673414.1428571428
"2022-06-07 00:00:00",412594,258608,2986,0,10100,702941.5714285715,784563.1428571428
"2022-06-08 00:00:00",325155,180879,9805,0,169778,721676.8571428572,763074.1428571428
"2022-06-09 00:00:00",495390,258969,3303,177,109291,845552.8571428572,769107.7142857143
"2022-06-10 00:00:00",567413,173126,4849,0,203588,873752.4285714285,638675.7142857143
"2022-06-11 00:00:00",136559,235818,3552,156,285508,964955,571724.2857142857
"2022-06-12 00:00:00",686662,396801,38518,0,39444,850615.7142857143,601869.7142857143
"2022-06-13 00:00:00",345025,337911,299,0,109516,828827.4285714285,588745.7142857143
"2022-06-14 00:00:00",220868,285662,0,0,153918,825421.5714285715,445283.4285714286
"2022-06-15 00:00:00",1397189,214636,24147,0,44117,967488.8571428572,585577
"2022-06-16 00:00:00",157412,65981,6388,0,282221,916756.1428571428,711788.5714285715
"2022-06-17 00:00:00",365177,216205,17109,0,92265,879867.7142857143,699786
"2022-06-18 00:00:00",45965,139653,19743,0,4383,815317.5714285715,789854.8571428572
"2022-06-19 00:00:00",241882,208703,15917,0,0,716042.7142857143,725453
"2022-06-20 00:00:00",459935,408820,3698,0,0,727428.5714285715,870939.4285714285
"2022-06-21 00:00:00",465653,184122,6325,0,156611,749180.7142857143,1032045.5714285715
"2022-06-22 00:00:00",442603,399393,0,156,0,629475.2857142857,986114
"2022-06-23 00:00:00",459696,152730,6396,0,505833,716997.1428571428,907342.5714285715
"2022-06-24 00:00:00",349305,197245,0,0,20756,699361.2857142857,947011.4285714285
"2022-06-25 00:00:00",630392,259288,7116,0,0,797511.5714285715,917590.4285714285
"2022-06-26 00:00:00",68947,287633,37615,0,294391,829238.1428571428,878910.4285714285
"2022-06-27 00:00:00",97089,163138,0,0,0,741777.1428571428,860292.5714285715
"2022-06-28 00:00:00",78778,171433,16641,0,34825,668772.1428571428,868026.8571428572
"2022-06-29 00:00:00",752978,386005,0,0,0,711176.7142857143,878777.2857142857
"2022-06-30 00:00:00",160925,173642,0,0,209398,628221,850655.2857142857
"2022-07-01 00:00:00",486330,331482,8652,0,280798,705357.7142857143,836514.2857142857
"2022-07-02 00:00:00",377669,173982,0,0,105707,671152.2857142857,838989.1428571428
"2022-07-03 00:00:00",1163232,141935,4744,0,102772,774594.5714285715,958005.8571428572
"2022-07-04 00:00:00",75164,158549,4127,0,909,771526.5714285715,859715.5714285715
"2022-07-05 00:00:00",306953,199255,2229,156,250530,836876.1428571428,740902.1428571428
"2022-07-06 00:00:00",105169,215315,0,0,0,719947.5714285715,838158.4285714285
"2022-07-07 00:00:00",518686,659273,16211,0,612483,900331.5714285715,853132.5714285715
"2022-07-08 00:00:00",98244,100417,3195,0,32526,775634.2857142857,816444.5714285715
"2022-07-09 00:00:00",21159,173714,0,0,0,709565,828900.4285714285
"2022-07-10 00:00:00",467802,260891,41328,0,344139,666918.8571428572,802555.7142857143
"2022-07-11 00:00:00",795246,135009,7204,0,1624,766966.4285714285,766937.5714285715
"2022-07-12 00:00:00",718104,238055,39990,0,102800,815513,716650.5714285715
"2022-07-13 00:00:00",195012,228569,7429,177,241141,865776.5714285715,523837.28571428574
"2022-07-14 00:00:00",24581,164692,4744,0,20517,638331,537350
"2022-07-15 00:00:00",534543,202335,0,0,270718,748790,582548.4285714285
"2022-07-16 00:00:00",995916,134470,5270,0,286075,924055.4285714285,559783.8571428572
"2022-07-17 00:00:00",256982,339096,15756,0,161765,875403.8571428572,482215.5714285714
"2022-07-18 00:00:00",212409,361352,1068,0,140965,843505.4285714285,523463.28571428574
"2022-07-19 00:00:00",701250,77612,0,0,216695,828735,638604.1428571428
"2022-07-20 00:00:00",350438,219771,11201,0,100253,830068.5714285715,729148.7142857143
"2022-07-21 00:00:00",126340,173183,1700,177,60584,851133,829688.5714285715
"2022-07-22 00:00:00",174141,228758,0,0,386388,819946.1428571428,803379.8571428572
"2022-07-23 00:00:00",434673,239448,2372,0,3056,713920.2857142857,766182.5714285715
"2022-07-24 00:00:00",479770,107137,3054,0,102500,702329.2857142857,803487
"2022-07-25 00:00:00",342265,314369,0,0,95817,707566,733760.4285714285
"2022-07-26 00:00:00",550607,143916,1251,0,140666,684835.1428571428,637226.4285714285
"2022-07-27 00:00:00",374819,99652,18026,0,5897,658654,743667.8571428572
"2022-07-28 00:00:00",304204,391482,3872,0,5897,707721.2857142857,566266.5714285715
"2022-07-29 00:00:00",387741,67150,12295,0,188640,688655.4285714285,498960
"2022-07-30 00:00:00",336266,235645,2590,0,133582,692731.7142857143,630470.7142857143
"2022-07-31 00:00:00",100097,330257,5739,0,119049,673114.5714285715,708414.2857142857
"2022-08-01 00:00:00",1056389,79827,16723,0,112096,746340.8571428572,755744.5714285715
"2022-08-02 00:00:00",1051006,393104,15301,156,10100,836801.8571428572,824075.2857142857
"2022-08-03 00:00:00",322634,0,3495,0,311266,856659.1428571428,874056.4285714285
"2022-08-04 00:00:00",188778,73144,26236,0,279766,837011.8571428572,943479.5714285715
"2022-08-05 00:00:00",306322,308218,17953,0,0,833678.5714285715,1027655.1428571428
"2022-08-06 00:00:00",663036,227261,4890,0,10161,861859.2857142857,981080
"2022-08-07 00:00:00",588594,220261,32870,0,0,902799.7142857143,865415.2857142857
"2022-08-08 00:00:00",472386,248666,5095,0,109992,841529.1428571428,963477.1428571428
"2022-08-09 00:00:00",724522,247462,2372,0,109135,786360.8571428572,893573.1428571428
"2022-08-10 00:00:00",93526,308702,14593,0,99878,769118.4285714285,717370.4285714285
"2022-08-11 00:00:00",49971,318683,4744,0,420554,801408,680629.1428571428
"2022-08-12 00:00:00",268934,55440,11639,0,18297,761667.5714285715,710018.5714285715
"2022-08-13 00:00:00",757252,263239,5552,391,115495,795465,680859.1428571428
"2022-08-14 00:00:00",314990,282761,0,0,25878,764308.4285714285,728719.4285714285
"2022-08-15 00:00:00",34052,371939,6397,0,397683,760584,604278.1428571428
"2022-08-16 00:00:00",51627,0,6747,0,98596,628224,654735.4285714285
"2022-08-17 00:00:00",464803,175537,1433,0,10100,647534.8571428572,650126.8571428572
"2022-08-18 00:00:00",238193,231290,2372,0,106004,616664.5714285715,718222.7142857143
"2022-08-19 00:00:00",641232,216204,6502,177,263262,727102.7142857143,636262.1428571428
"2022-08-20 00:00:00",91669,435787,2952,0,24117,643187.7142857143,682175.4285714285
"2022-08-21 00:00:00",606220,139620,5719,0,145714,682279.8571428572,831044.8571428572
"2022-08-22 00:00:00",399766,0,9458,0,87970,637583.2857142857,866839.7142857143
"2022-08-23 00:00:00",334393,460277,419,0,274213,767916.5714285715,766161.5714285715
"2022-08-24 00:00:00",241449,72175,13834,0,103631,736375.7142857143,759383.2857142857
"2022-08-25 00:00:00",207308,0,12512,0,465823,751773.1428571428,681398.2857142857
"2022-08-26 00:00:00",306315,226118,2492,0,289587,708506.8571428572,778187.7142857143
"2022-08-27 00:00:00",387582,378080,11139,0,30749,744653.2857142857,652927.2857142857
"2022-08-28 00:00:00",246972,127506,2666,0,0,670349.1428571428,416334.14285714284
"2022-08-29 00:00:00",272673,185372,0,0,137694,684427,466660.4285714286
"2022-08-30 00:00:00",351474,765570,31967,0,0,695813.8571428572,588554.5714285715
"2022-08-31 00:00:00",401916,174359,4971,0,5897,718107.2857142857,543043.4285714285
"2022-09-01 00:00:00",350141,103185,2372,156,84508,697353,569854
"2022-09-02 00:00:00",350292,124029,0,0,175653,672418.7142857143,479980.5714285714
"2022-09-03 00:00:00",191729,196233,2175,0,99235,626964.7142857143,555795.7142857143
"2022-09-04 00:00:00",167968,255677,13818,0,0,635581.7142857143,672635
"2022-09-05 00:00:00",266815,231098,3069,0,199308,650517.7142857143,534529.4285714285
"2022-09-06 00:00:00",168418,190247,0,0,148682,558851.4285714285,591971
"2022-09-07 00:00:00",278587,310201,3252,0,274644,598785.8571428572,604773.8571428572
"2022-09-08 00:00:00",614442,265565,5116,0,254169,684347.1428571428,745733
"2022-09-09 00:00:00",955011,0,11298,0,138332,749299.7142857143,728667
"2022-09-10 00:00:00",520567,232891,2372,0,0,787365,800417
"2022-09-11 00:00:00",196778,246688,18808,0,23077,794206.1428571428,785434.2857142857
"2022-09-12 00:00:00",1212355,288106,9138,0,205866,939231.1428571428,868500.5714285715
"2022-09-13 00:00:00",855903,114265,8603,156,132948,1025592.4285714285,775428.2857142857
"2022-09-14 00:00:00",0,0,0,0,0,901780.2857142857,801552.2857142857
"2022-09-15 00:00:00",0,0,2372,0,0,739363.1428571428,677641.4285714285
"2022-09-16 00:00:00",274052,444895,55247,0,297077,734596,782115.4285714285
"2022-09-17 00:00:00",416102,146902,3469,156,280495,747638.1428571428,794779.7142857143
"2022-09-18 00:00:00",209915,409383,0,0,916,766904.1428571428,700164.8571428572
"2022-09-19 00:00:00",401899,164204,21679,0,10100,607249.4285714285,618552.4285714285
"2022-09-20 00:00:00",443387,193927,21829,0,162455,565781.1428571428,787035.7142857143
"2022-09-21 00:00:00",65269,274992,6174,0,286314,656174.1428571428,803793.4285714285
"2022-09-22 00:00:00",625883,170064,16014,0,121481,789184.2857142857,802104.2857142857
"2022-09-23 00:00:00",661825,238205,2372,0,51613,772433.4285714285,737456.5714285715
"2022-09-24 00:00:00",415641,175340,4834,0,164439,760023.2857142857,690255.5714285715
"2022-09-25 00:00:00",969039,430347,6067,0,22012,875344.8571428572,794096.7142857143
"2022-09-26 00:00:00",444230,145625,8972,156,56496,883573,854602.7142857143
"2022-09-27 00:00:00",145287,304468,26098,0,154692,856279.8571428572,811630.2857142857
"2022-09-28 00:00:00",303233,154191,22212,0,83672,846359.7142857143,760698.8571428572
"2022-09-29 00:00:00",500689,12198,0,0,0,786280.4285714285,818139.5714285715
"2022-09-30 00:00:00",259361,99959,2372,0,42538,707739.7142857143,827755
"2022-10-01 00:00:00",162377,372263,2550,0,407628,734106,793119.8571428572
"2022-10-02 00:00:00",116764,249609,0,0,3806,583065,759700.8571428572
"2022-10-03 00:00:00",115166,55440,12011,0,137151,535106.2857142857,889720.5714285715
"2022-10-04 00:00:00",24688,376391,0,0,0,502325.14285714284,803159.1428571428
"2022-10-05 00:00:00",244211,245055,29216,0,100204,510236.4285714286,835092.8571428572
"2022-10-06 00:00:00",411117,298642,11575,0,100367,554352.8571428572,713371.2857142857
"2022-10-07 00:00:00",472469,241511,2225,0,74448,609556.2857142857,712685.8571428572
"2022-10-08 00:00:00",286876,250573,31288,0,270552,594480.5714285715,708148.8571428572
"2022-10-09 00:00:00",100463,171687,0,0,0,580476.5714285715,801100
"2022-10-10 00:00:00",520650,103107,0,0,0,623903.2857142857,726392.2857142857
"2022-10-11 00:00:00",216305,242114,10168,0,397511,690334.7142857143,721040.2857142857
"2022-10-12 00:00:00",381661,82326,4556,0,10302,670357.1428571428,794356.5714285715
"2022-10-13 00:00:00",584090,234333,26625,0,107848,689099.2857142857,859892.7142857143
"2022-10-14 00:00:00",481534,324270,1186,177,10513,692960.2857142857,807701.7142857143
"2022-10-15 00:00:00",490736,110188,8009,0,374988,713622.1428571428,885866.5714285715
"2022-10-16 00:00:00",336270,194231,5403,0,67593,760957.5714285715,711001.7142857143
"2022-10-17 00:00:00",140852,266441,5189,0,13086,732645.1428571428,736376.5714285715
"2022-10-18 00:00:00",193091,280463,0,156,0,676589.5714285715,663513.2857142857
"2022-10-19 00:00:00",298152,232014,6597,0,12495,686648.7142857143,512954
"2022-10-20 00:00:00",667832,143048,24627,0,1624,670110.7142857143,645624.1428571428
"2022-10-21 00:00:00",1021626,476972,3909,0,290841,809491.7142857143,701700.1428571428
"2022-10-22 00:00:00",78397,231007,5760,0,111329,729859.1428571428,648225.8571428572
"2022-10-23 00:00:00",424618,201525,0,0,33063,737817.4285714285,730830.8571428572
"2022-10-24 00:00:00",579798,227415,5522,0,304913,836686,606223.5714285715
"2022-10-25 00:00:00",1534764,16556,0,0,100866,1005040,626617.5714285715
"2022-10-26 00:00:00",223059,27130,6199,0,0,963201.2857142857,739959.4285714285
"2022-10-27 00:00:00",206620,365962,2372,0,63586,934831.1428571428,709288.2857142857
"2022-10-28 00:00:00",256785,123087,18514,0,5479,736333.7142857143,717415.7142857143
"2022-10-29 00:00:00",305744,110673,2197,0,162076,758361.8571428572,692937.1428571428
"2022-10-30 00:00:00",406209,198368,2608,0,328781,797899.1428571428,707515.7142857143
"2022-10-31 00:00:00",946685,245926,218,5796,43349,815660,778216.5714285715
"2022-11-01 00:00:00",853414,255913,8287,0,938,739426.7142857143,838826.8571428572
"2022-11-02 00:00:00",442931,55440,10942,0,6098,776430,755256.5714285715
"2022-11-03 00:00:00",72678,398130,10718,0,286817,794973.2857142857,647040.2857142857
"2022-11-04 00:00:00",521503,0,15085,0,369868,866772,652014.8571428572
"2022-11-05 00:00:00",81330,3502,0,0,9432,797282.5714285715,608807.5714285715
"2022-11-06 00:00:00",177396,228109,0,0,814,721618.5714285715,573209.1428571428
"2022-11-07 00:00:00",813674,338476,8830,156,268279,748395.8571428572,493158.14285714284
"2022-11-08 00:00:00",574305,276002,27132,0,0,713950.7142857143,373110.28571428574
"2022-11-09 00:00:00",123663,135448,1970,0,154499,699689.1428571428,713906.4285714285
"2022-11-10 00:00:00",933605,79994,2215,0,99259,749222,783981.7142857143
"2022-11-11 00:00:00",220902,284479,0,0,83143,703803,773344
"2022-11-12 00:00:00",9869,126398,0,0,103222,724549.5714285715,773652.4285714285
"2022-11-13 00:00:00",224102,54447,7943,0,59796,715973.8571428572,822896.2857142857
"2022-11-14 00:00:00",417472,465116,7512,0,0,638928.7142857143,1057408.7142857143
"2022-11-15 00:00:00",783912,155585,2862,0,330075,695356.8571428572,1164616.4285714286
"2022-11-16 00:00:00",713134,292015,5629,312,44006,786716.2857142857,899894.2857142857
"2022-11-17 00:00:00",355532,69642,22932,0,283969,732002.5714285715,931369.1428571428
"2022-11-18 00:00:00",234846,536375,2372,177,194342,786229.4285714285,875237
"2022-11-19 00:00:00",593603,246883,0,0,152570,893881.7142857143,897426
"2022-11-20 00:00:00",554629,265537,698,0,0,961678.1428571428,866725.8571428572
"2022-11-21 00:00:00",136488,312795,523,0,107648,914157.2857142857,678219.2857142857
"2022-11-22 00:00:00",1031491,108204,20116,0,145160,918805.2857142857,646345.4285714285
"2022-11-23 00:00:00",504967,78325,15487,0,10336,855093.7142857143,582542.2857142857
"2022-11-24 00:00:00",547498,144168,108,0,264646,887142.8571428572,543023.1428571428
"2022-11-25 00:00:00",388505,277945,2517,0,75447,855186.1428571428,619031.8571428572
"2022-11-26 00:00:00",390220,409391,12877,0,55238,837282,724263.7142857143
"2022-11-27 00:00:00",5814,259404,5311,0,483,758731.7142857143,698154.7142857143
"2022-11-28 00:00:00",486586,67052,16165,0,0,760495.8571428572,749758.4285714285
"2022-11-29 00:00:00",0,0,0,0,0,574071.2857142857,727747.4285714285
"2022-11-30 00:00:00",167148,210484,0,0,239588,575229.1428571428,717487.8571428572
"2022-12-01 00:00:00",279310,142081,8397,0,0,499995.71428571426,660449.1428571428
"2022-12-02 00:00:00",286218,55390,32876,0,523733,521967.4285714286,654113
"2022-12-03 00:00:00",154909,326210,7100,0,126833,485871.14285714284,621212.7142857143
"2022-12-04 00:00:00",173202,227247,0,0,10100,505805.14285714284,572655.8571428572
"2022-12-05 00:00:00",785200,0,3695,3355,167045,561446.8571428572,571884.4285714285
"2022-12-06 00:00:00",537942,416885,34579,0,271685,741602.8571428572,549559.4285714285
"2022-12-07 00:00:00",599039,236949,25667,0,1459,776730.5714285715,566776.2857142857
"2022-12-08 00:00:00",369014,372699,6807,0,271483,861047.2857142857,610466.7142857143
"2022-12-09 00:00:00",344353,323026,8259,0,0,829250.4285714285,563274.4285714285
"2022-12-10 00:00:00",285946,177960,13422,0,10100,811018.4285714285,552645.7142857143
"2022-12-11 00:00:00",433755,261917,7779,0,99039,867009.7142857143,662752.2857142857
"2022-12-12 00:00:00",276840,315815,0,0,97790,828602.7142857143,768207
"2022-12-13 00:00:00",26085,0,0,0,165778,675855.7142857143,747736.2857142857
"2022-12-14 00:00:00",254958,125812,12061,0,584796,692214.8571428572,801909.5714285715
"2022-12-15 00:00:00",432258,110880,2372,177,4515,625100.2857142857,812897
"2022-12-16 00:00:00",502393,320434,11935,0,0,647832.1428571428,864517.1428571428
"2022-12-17 00:00:00",64601,0,0,0,272464,626351.5714285715,745052.8571428572
"2022-12-18 00:00:00",502557,98999,8295,0,215534,629622.4285714285,737503.8571428572
"2022-12-19 00:00:00",446958,240177,17948,0,0,631713.2857142857,646108
"2022-12-20 00:00:00",285466,295401,11958,0,0,688993.7142857143,730759.7142857143
"2022-12-21 00:00:00",460792,297063,16215,0,149554,681279,754296.5714285715
"2022-12-22 00:00:00",80333,87631,3138,0,0,627121.8571428572,722325.8571428572
"2022-12-23 00:00:00",131767,83956,0,0,116449,555323.2857142857,673208.7142857143
"2022-12-24 00:00:00",120225,289789,7901,0,103708,581688.8571428572,681683.4285714285
"2022-12-25 00:00:00",372187,178248,3125,0,15998,545142.2857142857,662476
"2022-12-26 00:00:00",812157,96723,4403,0,180819,600716.7142857143,662046.8571428572
"2022-12-27 00:00:00",222869,258744,5325,0,0,585589.8571428572,658853.2857142857
"2022-12-28 00:00:00",264107,238754,5829,0,170734,550704.1428571428,639244.1428571428
"2022-12-29 00:00:00",338621,63042,2372,0,127050,602130.4285714285,690322.4285714285
"2022-12-30 00:00:00",698859,184038,19350,0,208336,713332.1428571428,746972.7142857143
"2022-12-31 00:00:00",554448,279455,15795,0,192055,787636.4285714285,810159.2857142857
"2023-01-01 00:00:00",353639,409408,11256,156,130713,835581.2857142857,805884.1428571428
"2023-01-02 00:00:00",329103,339980,2372,0,100890,789615.8571428572,798297.8571428572
"2023-01-03 00:00:00",392942,87931,0,177,3705,789304.1428571428,840816.5714285715
"2023-01-04 00:00:00",247698,312239,2976,0,305213,816261.4285714285,832201.1428571428
"2023-01-05 00:00:00",48509,238004,5537,0,10100,783556.4285714285,798320.2857142857
"2023-01-06 00:00:00",402873,102632,29327,2667,277050,741265.5714285715,772953.1428571428
"2023-01-07 00:00:00",166862,306253,1580,0,301461,703323.1428571428,777022.7142857143
"2023-01-08 00:00:00",523379,170588,11963,0,0,674859.8571428572,819523.4285714285
"2023-01-09 00:00:00",738623,343389,24885,0,71813,732911.8571428572,763321
"2023-01-10 00:00:00",695533,110880,0,0,281411,819064.5714285715,667895.2857142857
"2023-01-11 00:00:00",769795,86935,7911,0,11167,820162.1428571428,701374.2857142857
"2023-01-12 00:00:00",7032,173941,0,156,5897,803715.7142857143,634810
"2023-01-13 00:00:00",137141,284609,20980,0,0,750598.8571428572,793066.4285714285
"2023-01-14 00:00:00",0,0,0,0,0,639719.1428571428,795377.4285714285
"2023-01-15 00:00:00",88273,188657,15643,0,0,580668,701521
"2023-01-16 00:00:00",389950,68346,26303,0,227551,514017,773369.1428571428
"2023-01-17 00:00:00",532691,85029,2661,0,147665,468334.71428571426,790906.5714285715
"2023-01-18 00:00:00",396611,208970,23297,0,137831,452749,767471.4285714285
"2023-01-19 00:00:00",219869,74933,5327,0,20938,471897.85714285716,835113.8571428572
"2023-01-20 00:00:00",125478,227690,2014,0,10699,460919.5714285714,650979
"2023-01-21 00:00:00",139401,171927,21005,0,110298,524152.85714285716,623529
"2023-01-22 00:00:00",137916,267781,28039,0,65287,553645.8571428572,651844.7142857143
"2023-01-23 00:00:00",54175,241473,0,0,0,494145.14285714284,663458.8571428572
"2023-01-24 00:00:00",414892,0,4172,0,201,444318.85714285716,777521.1428571428
"2023-01-25 00:00:00",477027,296732,2372,0,187498,472450.28571428574,695549.4285714285
"2023-01-26 00:00:00",860938,299026,15480,177,5897,595371.8571428572,742196.1428571428
"2023-01-27 00:00:00",707237,0,2372,0,103698,659289.7142857143,810596.8571428572
"2023-01-28 00:00:00",881632,384409,0,156,41379,782853.1428571428,892394.5714285715
"2023-01-29 00:00:00",482305,25469,3932,0,10336,786141.5714285715,951021.7142857143
"2023-01-30 00:00:00",949820,400580,7149,0,111627,953788.8571428572,867788.4285714285
"2023-01-31 00:00:00",1211844,259132,2372,0,0,1104372.2857142857,747410
"2023-02-01 00:00:00",512430,80015,12301,177,0,1053128.7142857143,818436.2857142857
"2023-02-02 00:00:00",607635,158307,2776,0,10100,995600,728629.2857142857
"2023-02-03 00:00:00",196985,278989,23449,0,140837,970879,641505.1428571428
"2023-02-04 00:00:00",181934,202875,3095,0,109297,855111.2857142857,577944.4285714285
"2023-02-05 00:00:00",210204,270111,22259,333,207193,881977,464046.14285714284
"2023-02-06 00:00:00",59727,272287,5449,0,0,720303.4285714285,474092
"2023-02-07 00:00:00",268041,200906,381,0,272565,615810,528835.1428571428
"2023-02-08 00:00:00",654406,235415,12110,0,186050,684818.2857142857,472061
"2023-02-09 00:00:00",668230,241947,0,0,190079,730738.1428571428,494226.85714285716
"2023-02-10 00:00:00",578578,318906,12013,0,112315,785245.7142857143,618369.1428571428
"2023-02-11 00:00:00",253494,83580,0,0,0,762370.2857142857,632008.1428571428
"2023-02-12 00:00:00",137922,0,9303,0,46196,688558.7142857143,634371.5714285715
"2023-02-13 00:00:00",252397,193554,7479,0,10100,706568.5714285715,708881
"2023-02-14 00:00:00",615627,151833,14367,0,9370,713611.8571428572,698587.5714285715
"2023-02-15 00:00:00",374502,79733,5396,0,281085,664002.5714285715,768616.5714285715
"2023-02-16 00:00:00",104180,72095,20506,0,0,534934.5714285715,756276.5714285715
"2023-02-17 00:00:00",338041,94724,869,0,791,451022.14285714284,725879
"2023-02-18 00:00:00",48670,0,20966,0,269841,451365.4285714286,760435.2857142857
"2023-02-19 00:00:00",265509,345252,7338,156,179605,537713.8571428572,810424.7142857143
"2023-02-20 00:00:00",217712,166760,7116,0,119767,544545.8571428572,716678.7142857143
"2023-02-21 00:00:00",287136,29009,3576,0,0,477192.14285714284,736490.5714285715
"2023-02-22 00:00:00",1049298,30693,11268,0,311727,571802,775959.5714285715
"2023-02-23 00:00:00",183329,113157,2372,0,0,586384.4285714285,757616.5714285715
"2023-02-24 00:00:00",371003,110880,3534,0,514719,667200.1428571428,690812.1428571428
"2023-02-25 00:00:00",277571,35560,0,0,7606,664523,713675.8571428572
"2023-02-26 00:00:00",270560,37794,0,0,156235,616912.8571428572,673569.2857142857
"2023-02-27 00:00:00",388033,55440,16415,0,10699,611088.8571428572,690631.4285714285
"2023-02-28 00:00:00",520397,355456,8008,0,50490,698893.2857142857,772549.2857142857
"2023-03-01 00:00:00",415248,286657,0,0,201,598767.4285714285,656908.4285714285
"2023-03-02 00:00:00",706272,224471,7695,0,171341,714613.4285714285,711936.1428571428
"2023-03-03 00:00:00",293349,174762,12678,0,100809,654822.4285714285,708212.5714285715
"2023-03-04 00:00:00",49326,0,5112,0,270838,655470.8571428572,648460.8571428572
"2023-03-05 00:00:00",246771,120893,11909,0,291265,684935.1428571428,730126
"2023-03-06 00:00:00",366588,220224,0,0,0,701538.5714285715,729180.8571428572
"2023-03-07 00:00:00",516658,202621,26075,0,250435,710315.1428571428,651633.5714285715
"2023-03-08 00:00:00",278256,164907,26343,0,46040,683664,717219.8571428572
"2023-03-09 00:00:00",405407,326503,7857,0,77951,641941,670008.4285714285
"2023-03-10 00:00:00",930650,420429,2755,0,239003,786403.7142857143,676196
"2023-03-11 00:00:00",549059,58966,31937,0,742,831464.8571428572,677938.4285714285
"2023-03-12 00:00:00",271006,269798,4602,0,2784,813943.5714285715,655196
"2023-03-13 00:00:00",375614,350556,24804,0,274091,876551.1428571428,695710.5714285715
"2023-03-14 00:00:00",547231,109390,2150,0,0,828406,640950.5714285715
"2023-03-15 00:00:00",613753,228822,2372,156,446254,939236,583923.1428571428
"2023-03-16 00:00:00",739025,241292,4737,0,310609,1007513.8571428572,607632.2857142857
"2023-03-17 00:00:00",637979,13214,2853,0,10100,874843.8571428572,761064.7142857143
"2023-03-18 00:00:00",329312,98679,6779,0,630,845514.7142857143,788052
"2023-03-19 00:00:00",461410,323494,13975,0,245431,916389.1428571428,766412.4285714285
"2023-03-20 00:00:00",530310,233594,2662,0,0,879460.5714285715,803479.8571428572
"2023-03-21 00:00:00",525670,16353,18979,0,102755,880172.5714285715,813530.5714285715
"2023-03-22 00:00:00",154218,55440,7203,156,293186,768579.1428571428,839232.1428571428
"2023-03-23 00:00:00",958631,229008,6267,0,138894,773884.2857142857,870730.8571428572
"2023-03-24 00:00:00",396889,136841,0,0,0,755253,724102
"2023-03-25 00:00:00",324761,85112,4744,0,30459,756635.2857142857,619120.2857142857
"2023-03-26 00:00:00",74113,208068,23009,0,146590,671988.1428571428,649437
"2023-03-27 00:00:00",233567,0,6748,0,0,596809.5714285715,589753.1428571428
"2023-03-28 00:00:00",409033,169399,6669,0,5831,586406.2857142857,722415.8571428572
"2023-03-29 00:00:00",263978,229978,22449,0,38354,592771.4285714285,751836.2857142857
"2023-03-30 00:00:00",258404,165603,5387,0,157510,486215,663520
"2023-03-31 00:00:00",504506,297274,2372,333,158963,547603.4285714285,691358.8571428572
"2023-04-01 00:00:00",576042,155234,9349,0,990,589966.2857142857,853075.1428571428
"2023-04-02 00:00:00",449860,270670,17550,156,0,630888.4285714285,829403.1428571428
"2023-04-03 00:00:00",397619,12068,16022,0,0,657373.2857142857,824541.8571428572
"2023-04-04 00:00:00",16174,0,0,156,0,575287.1428571428,744177.4285714285
"2023-04-05 00:00:00",50152,188815,1855,0,201,530467.7142857143,700806.8571428572
"2023-04-06 00:00:00",553633,259957,2372,0,423194,623646.5714285715,726715.2857142857
"2023-04-07 00:00:00",622635,272313,2372,0,101880,628753.8571428572,733616.4285714285
"2023-04-08 00:00:00",344075,98591,22830,0,492874,659718.7142857143,680273.2857142857
"2023-04-09 00:00:00",843762,193799,0,0,10100,703922.2857142857,691816.2857142857
"2023-04-10 00:00:00",576436,163100,17177,0,124725,769026.4285714285,635485.2857142857
"2023-04-11 00:00:00",1498797,304624,9141,0,119696,1042730.5714285715,656290.5714285715
"2023-04-12 00:00:00",319723,55440,383,0,309520,1106165.2857142857,643448.1428571428
"2023-04-13 00:00:00",618449,306367,3941,0,166760,1085645.2857142857,683191.5714285715
"2023-04-14 00:00:00",280010,174819,9167,0,95605,1022845.8571428572,723065.8571428572
"2023-04-15 00:00:00",281817,410424,21279,0,662644,1082530.5714285714,681928.4285714285
"2023-04-16 00:00:00",272440,179318,4678,156,40099,1003820.7142857143,754151.2857142857
"2023-04-17 00:00:00",216143,112422,2372,0,138592,944976.7142857143,969230.7142857143
"2023-04-18 00:00:00",363251,348266,8128,0,6458,772668.7142857143,893824.2857142857
"2023-04-19 00:00:00",237121,230357,0,156,0,741607,895582.2857142857
"2023-04-20 00:00:00",216666,419950,2372,0,2192,676701.7142857143,868621.2857142857
"2023-04-21 00:00:00",240585,178684,40611,0,586411,746228.7142857143,755923.8571428572
"2023-04-22 00:00:00",889653,281929,2613,0,3419,717864.5714285715,723986.8571428572
"2023-04-23 00:00:00",471455,139542,1751,177,17488,736967.5714285715,621541.4285714285
"2023-04-24 00:00:00",399437,305945,12102,0,180679,798200.8571428572,399357.71428571426
"2023-04-25 00:00:00",319769,245534,3195,0,39863,781380.7142857143,314432.14285714284
"2023-04-26 00:00:00",179295,426443,8090,0,79079,813562.7142857143,365435.85714285716
"2023-04-27 00:00:00",285712,29411,15416,0,12293,770941.4285714285,551038.4285714285
"2023-04-28 00:00:00",781729,332644,15507,156,0,782905,625344.7142857143
"2023-04-29 00:00:00",140008,69363,9519,0,0,645944.5714285715,648530.8571428572
"2023-04-30 00:00:00",665403,200409,4744,0,6520,681182.1428571428,628626.1428571428
"2023-05-01 00:00:00",778596,277451,1393,0,0,703936,693962.8571428572
"2023-05-02 00:00:00",968199,323408,1010,0,274077,840840.5714285715,766274.2857142857
"2023-05-03 00:00:00",25106,67508,8746,0,0,756333.7142857143,757044.5714285715
"2023-05-04 00:00:00",31168,0,0,0,0,711810.2857142857,619199.2857142857
"2023-05-05 00:00:00",205357,303455,2017,156,132558,642311.2857142857,629748
"2023-05-06 00:00:00",415934,266744,27045,0,10440,713921.5714285715,682076.7142857143
"2023-05-07 00:00:00",439948,82956,2372,0,34106,668536.7142857143,696782.4285714285
"2023-05-08 00:00:00",1361486,140724,17834,0,162412,757824.8571428572,718964.8571428572
"2023-05-09 00:00:00",65204,288402,18941,0,126901,605361.1428571428,780056.2857142857
"2023-05-10 00:00:00",522216,288466,0,0,260018,743838.1428571428,723002.5714285715
"2023-05-11 00:00:00",37404,0,21713,0,0,747831,701328.1428571428
"2023-05-12 00:00:00",736304,191488,470,0,103321,803265.1428571428,738475.1428571428
"2023-05-13 00:00:00",285841,274004,7057,0,81887,793068.8571428572,769897.1428571428
"2023-05-14 00:00:00",1154772,200811,2372,156,37730,912563,787309.2857142857
"2023-05-15 00:00:00",315881,190776,8842,0,280101,785869,775025.5714285715
"2023-05-16 00:00:00",259792,0,10503,0,253676,789372.2857142857,746419.2857142857
"2023-05-17 00:00:00",689925,123980,17475,156,0,755206.1428571428,829755.5714285715
"2023-05-18 00:00:00",488742,362952,8518,0,136881,889202.8571428572,786301.5714285715
"2023-05-19 00:00:00",672508,0,0,0,20201,840792.2857142857,765398.1428571428
"2023-05-20 00:00:00",335344,172899,19630,156,3524,824044.4285714285,716160.7142857143
"2023-05-21 00:00:00",20090,0,24073,0,0,630947.5714285715,650205.5714285715
"2023-05-22 00:00:00",213400,599017,13466,0,102753,649952.8571428572,658624
"2023-05-23 00:00:00",412007,196034,12594,0,0,663762,634614.7142857143
"2023-05-24 00:00:00",68638,116881,3376,0,0,571956.1428571428,635379.2857142857
"2023-05-25 00:00:00",293694,304095,4744,0,613,515678,670536.2857142857
"2023-05-26 00:00:00",558746,278629,3939,156,372,536982.8571428572,661334
"2023-05-27 00:00:00",20653,0,0,0,2192,464310,661794.5714285715
"2023-05-28 00:00:00",735600,95430,18175,0,33407,584088.7142857143,753102
"2023-05-29 00:00:00",300729,224997,3023,0,52483,534459.5714285715,723482.5714285715
"2023-05-30 00:00:00",81228,0,3314,0,2078,458171.71428571426,800341.8571428572
"2023-05-31 00:00:00",710020,44714,2372,0,110122,555076.4285714285,792699
"2023-06-01 00:00:00",0,0,0,156,147041,489940.5714285714,776962.1428571428
"2023-06-02 00:00:00",479917,100119,2613,0,10699,454441.4285714286,635874.7142857143
"2023-06-03 00:00:00",577094,402587,19732,0,177031,619241.4285714285,635708.8571428572
"2023-06-04 00:00:00",246339,346837,14977,0,5143,580767.4285714285,527849.1428571428
"2023-06-05 00:00:00",408800,97324,5173,156,10100,572242,741104.2857142857
"2023-06-06 00:00:00",996198,174806,4744,0,98014,741833.8571428572,718496.4285714285
"2023-06-07 00:00:00",970389,175684,13722,0,0,783629.1428571428,702941.5714285715
"2023-06-08 00:00:00",524882,241206,4086,0,235875,906322.4285714285,721676.8571428572
"2023-06-09 00:00:00",804365,265710,39147,0,33584,984816.2857142857,845552.8571428572
"2023-06-10 00:00:00",302787,96011,2153,156,64396,883253.4285714285,873752.4285714285
"2023-06-11 00:00:00",116125,150653,7055,0,0,834758.7142857143,964955
"2023-06-12 00:00:00",664406,362780,72,0,54202,914745.2857142857,850615.7142857143
"2023-06-13 00:00:00",657274,167121,1353,0,185229,877204.4285714285,828827.4285714285
"2023-06-14 00:00:00",409276,190092,379,0,0,797197.7142857143,825421.5714285715
"2023-06-15 00:00:00",133460,176571,2562,0,277664,737798.8571428572,967488.8571428572
"2023-06-16 00:00:00",491707,55440,17466,0,0,655199.7142857143,916756.1428571428
"2023-06-17 00:00:00",831814,129922,42762,0,127050,750349,879867.7142857143
"2023-06-18 00:00:00",789250,399665,1322,0,279151,921142.7142857143,815317.5714285715
"2023-06-19 00:00:00",502367,281798,6427,0,164306,903062.2857142857,716042.7142857143
"2023-06-20 00:00:00",462309,70026,40103,0,10100,841856.7142857143,727428.5714285715
"2023-06-21 00:00:00",149076,287665,11781,0,0,820253,749180.7142857143
"2023-06-22 00:00:00",68779,128398,2744,0,990,764632.1428571428,629475.2857142857
"2023-06-23 00:00:00",128098,174046,9897,0,0,728550.5714285715,716997.1428571428
"2023-06-24 00:00:00",411270,209352,5868,0,103794,671227.1428571428,699361.2857142857
"2023-06-25 00:00:00",497321,275020,0,0,127050,589798.8571428572,797511.5714285715
"2023-06-26 00:00:00",279199,307196,3305,0,67196,547227.1428571428,829238.1428571428
"2023-06-27 00:00:00",265601,165744,24135,0,300459,571998.8571428572,741777.1428571428
"2023-06-28 00:00:00",73630,304011,5576,0,127050,580819.7142857143,668772.1428571428
"2023-06-29 00:00:00",419144,241226,9992,0,100257,662206.5714285715,711176.7142857143
"2023-06-30 00:00:00",547931,18126,15985,0,0,700778.1428571428,628221
"2023-07-01 00:00:00",1312609,102765,13556,0,292469,842366,705357.7142857143
"2023-07-02 00:00:00",895225,204814,3031,0,0,871463,671152.2857142857
"2023-07-03 00:00:00",25261,0,1168,0,0,781396.2857142857,774594.5714285715
"2023-07-04 00:00:00",1220770,308767,23210,0,278274,934979.2857142857,771526.5714285715
"2023-07-05 00:00:00",752251,284042,0,0,34720,1015085.7142857143,836876.1428571428
"2023-07-06 00:00:00",297971,274466,5926,0,0,987620.4285714285,719947.5714285715
"2023-07-07 00:00:00",60024,86875,0,0,0,925457,900331.5714285715
"2023-07-08 00:00:00",372489,139503,1414,0,68636,762691.7142857143,775634.2857142857
"2023-07-09 00:00:00",189805,230044,7333,0,0,666136.2857142857,709565
"2023-07-10 00:00:00",378678,171174,18294,0,150666,765048.4285714285,666918.8571428572
"2023-07-11 00:00:00",757133,344302,2372,0,144288,681773.2857142857,766966.4285714285
"2023-07-12 00:00:00",447435,275723,18729,0,10100,636198.1428571428,815513
"2023-07-13 00:00:00",507241,157367,2372,0,343708,697958.8571428572,865776.5714285715
"2023-07-14 00:00:00",50164,182826,21316,0,0,713302.8571428572,638331
"2023-07-15 00:00:00",433401,0,3317,0,46586,699197.1428571428,748790
"2023-07-16 00:00:00",310733,320644,17519,0,0,730870.5714285715,924055.4285714285
"2023-07-17 00:00:00",103643,110880,3787,0,222363,691136.2857142857,875403.8571428572
"2023-07-18 00:00:00",162932,59282,863,0,613,544792.7142857143,843505.4285714285
"2023-07-19 00:00:00",334411,104765,393,0,0,500161.5714285714,828735
"2023-07-20 00:00:00",360147,322652,0,0,3651,453842,830068.5714285715
"2023-07-21 00:00:00",301643,55440,436,0,469831,535705.4285714285,851133
"2023-07-22 00:00:00",577119,294588,577,0,0,591274.1428571428,819946.1428571428
"2023-07-23 00:00:00",863384,62118,20573,0,260329,670918.1428571428,713920.2857142857
"2023-07-24 00:00:00",215827,387609,8963,0,0,695450.2857142857,702329.2857142857
"2023-07-25 00:00:00",178851,112354,2372,0,127050,723584.2857142857,707566
"2023-07-26 00:00:00",386236,196087,15712,0,0,746222.1428571428,684835.1428571428
"2023-07-27 00:00:00",183135,449729,9632,0,34106,744815.4285714285,658654
"2023-07-28 00:00:00",389721,201195,1584,0,260018,748410.8571428572,707721.2857142857
"2023-07-29 00:00:00",248127,381077,5111,0,97774,728383.1428571428,688655.4285714285
"2023-07-30 00:00:00",800284,158093,5268,0,2192,694016.4285714285,692731.7142857143
"2023-07-31 00:00:00",76566,168467,2819,0,10100,643381.4285714285,673114.5714285715
"2023-08-01 00:00:00",676379,590360,34478,0,0,769179.8571428572,746340.8571428572
"2023-08-02 00:00:00",497915,220923,10417,156,184169,814258,836801.8571428572
"2023-08-03 00:00:00",379535,212311,2372,0,10699,804017.2857142857,856659.1428571428
"2023-08-04 00:00:00",289988,201025,2489,0,140729,772833.5714285715,837011.8571428572
"2023-08-05 00:00:00",288459,48561,8709,0,10100,719082.1428571428,833678.5714285715
"2023-08-06 00:00:00",242064,41457,2115,0,9483,623265.4285714285,861859.2857142857
"2023-08-07 00:00:00",206513,232728,10279,0,281270,690813.8571428572,902799.7142857143
"2023-08-08 00:00:00",1912079,166481,3799,0,814,802522,841529.1428571428
"2023-08-09 00:00:00",449551,178788,16688,0,242733,798833.2857142857,786360.8571428572
"2023-08-10 00:00:00",329939,414971,0,0,201,818860.7142857143,769118.4285714285
"2023-08-11 00:00:00",145255,334957,14747,0,336007,846965.7142857143,801408
"2023-08-12 00:00:00",213047,125900,7610,0,0,845641,761667.5714285715
"2023-08-13 00:00:00",836241,184097,0,156,282480,989620.1428571428,795465
"2023-08-14 00:00:00",253596,429417,9207,0,127251,1002288.7142857143,764308.4285714285
"2023-08-15 00:00:00",516570,179443,12474,0,34106,810777.1428571428,760584
"2023-08-16 00:00:00",268293,71101,17222,0,10100,736342.4285714285,628224
"2023-08-17 00:00:00",818037,252550,2372,0,5311,783936.8571428572,647534.8571428572
"2023-08-18 00:00:00",117620,55440,3986,0,10714,692050,616664.5714285715
"2023-08-19 00:00:00",370283,238268,15452,0,6648,732634.8571428572,727102.7142857143
"2023-08-20 00:00:00",295970,196434,199,0,0,616867.5714285715,643187.7142857143
"2023-08-21 00:00:00",728680,341574,28426,0,441678,719851.4285714285,682279.8571428572
"2023-08-22 00:00:00",547888,77458,6030,0,139088,723833,637583.2857142857
"2023-08-23 00:00:00",361922,133412,45179,0,9300,749989.5714285715,767916.5714285715
"2023-08-24 00:00:00",394411,61307,14861,0,0,663176.4285714285,736375.7142857143
"2023-08-25 00:00:00",293101,163545,15565,0,104925,718801.7142857143,751773.1428571428
"2023-08-26 00:00:00",232075,201706,3519,0,120462,708389.1428571428,708506.8571428572
"2023-08-27 00:00:00",228246,127252,0,156,36750,694074.8571428572,744653.2857142857
"2023-08-28 00:00:00",81167,230473,11721,0,0,520218,670349.1428571428
"2023-08-29 00:00:00",249225,306615,0,0,369448,542335.7142857143,684427
"2023-08-30 00:00:00",772498,203119,1276,0,168365,627399.2857142857,695813.8571428572
"2023-08-31 00:00:00",379038,344940,5150,0,0,664334.8571428572,718107.2857142857
"2023-09-01 00:00:00",725478,249167,108,0,284750,761816,697353
"2023-09-02 00:00:00",165264,184982,11402,0,30162,738108.4285714285,672418.7142857143
"2023-09-03 00:00:00",229994,0,4653,0,270278,754182.8571428572,626964.7142857143
"2023-09-04 00:00:00",220120,121806,12354,0,181631,784547.2857142857,635581.7142857143
"2023-09-05 00:00:00",717067,55440,4975,0,112221,779463.5714285715,650517.7142857143
"2023-09-06 00:00:00",143905,220054,6274,0,201,668774.2857142857,558851.4285714285
"2023-09-07 00:00:00",1036714,371442,7681,0,0,766875.7142857143,598785.8571428572
"2023-09-08 00:00:00",634895,263631,7404,0,462532,782441.1428571428,684347.1428571428
"2023-09-09 00:00:00",699968,79850,31063,0,377942,896300.1428571428,749299.7142857143
"2023-09-10 00:00:00",141455,420642,20045,0,0,907331.2857142857,787365
"2023-09-11 00:00:00",99764,203743,564,0,0,874211,794206.1428571428
"2023-09-12 00:00:00",205578,157328,31543,0,1090,803616.1428571428,939231.1428571428
"2023-09-13 00:00:00",1529717,205288,23292,0,526146,1077046.2857142857,1025592.4285714285
"2023-09-14 00:00:00",344037,138625,6452,0,35151,949678.7142857143,901780.2857142857
"2023-09-15 00:00:00",515194,243655,4544,0,0,863240.2857142857,739363.1428571428
"2023-09-16 00:00:00",100459,275887,6495,156,281989,788406.5714285715,734596
"2023-09-17 00:00:00",375190,220056,1579,0,0,790504.2857142857,747638.1428571428
"2023-09-18 00:00:00",144164,407609,5884,0,201,826759.5714285715,766904.1428571428
"2023-09-19 00:00:00",885203,206522,4556,0,202414,955782.1428571428,607249.4285714285
"2023-09-20 00:00:00",525235,150319,0,0,0,725940.5714285715,565781.1428571428
"2023-09-21 00:00:00",1328720,425274,18709,0,560374,984342.4285714285,656174.1428571428
"2023-09-22 00:00:00",287740,128015,7116,0,0,935696.4285714285,789184.2857142857
"2023-09-23 00:00:00",396314,277780,1827,0,0,937258.4285714285,772433.4285714285
"2023-09-24 00:00:00",221485,282496,5834,0,102692,939498.8571428572,760023.2857142857
"2023-09-25 00:00:00",490377,259408,0,0,274195,1006087.8571428572,875344.8571428572
"2023-09-26 00:00:00",269114,190004,5875,0,152211,908731.8571428572,883573
"2023-09-27 00:00:00",178479,404312,3859,0,814,896147.8571428572,856279.8571428572
"2023-09-28 00:00:00",88115,175380,13026,0,91646,615446.2857142857,846359.7142857143
"2023-09-29 00:00:00",158637,120235,34253,0,990,599909.8571428572,786280.4285714285
"2023-09-30 00:00:00",387590,352503,2732,0,8163,610633.8571428572,707739.7142857143
"2023-10-01 00:00:00",651104,75520,9681,0,0,628319,734106
"2023-10-02 00:00:00",8532,192913,0,0,273856,549936.2857142857,583065
"2023-10-03 00:00:00",222785,147211,7732,0,6039,516588.28571428574,535106.2857142857
"2023-10-04 00:00:00",697928,86175,13111,0,467700,613366.7142857143,502325.14285714284
"2023-10-05 00:00:00",230397,82144,16506,0,100869,622188,510236.4285714286
"2023-10-06 00:00:00",176263,173963,2100,0,56534,635723,554352.8571428572
"2023-10-07 00:00:00",332001,257062,11677,0,101331,628734.8571428572,609556.2857142857
"2023-10-08 00:00:00",244528,80432,5162,0,0,570708.7142857143,594480.5714285715
"2023-10-09 00:00:00",242336,170756,4744,0,34628,567446.4285714285,580476.5714285715
"2023-10-10 00:00:00",67002,0,403,0,0,522251.71428571426,623903.2857142857
"2023-10-11 00:00:00",650168,553750,713,0,339116,562085,690334.7142857143
"2023-10-12 00:00:00",1033133,0,13042,0,258713,687081,670357.1428571428
"2023-10-13 00:00:00",785548,153031,0,156,201,762806,689099.2857142857
"2023-10-14 00:00:00",784862,143011,268,0,107431,810448.7142857143,692960.2857142857
"2023-10-15 00:00:00",341610,344817,0,0,34628,866296.4285714285,713622.1428571428
"2023-10-16 00:00:00",1178218,254171,0,0,0,1006285.4285714285,760957.5714285715
"2023-10-17 00:00:00",803210,314844,10062,0,201,1157844.2857142857,732645.1428571428
"2023-10-18 00:00:00",140925,275169,1223,0,990,997067.1428571428,676589.5714285715
"2023-10-19 00:00:00",395764,89096,20078,0,271039,921508.4285714285,686648.7142857143
"2023-10-20 00:00:00",470176,0,7165,0,0,855566.2857142857,670110.7142857143
"2023-10-21 00:00:00",264961,93795,4903,0,300911,802566.1428571428,809491.7142857143
"2023-10-22 00:00:00",164215,292909,16557,0,45453,773720,729859.1428571428
"2023-10-23 00:00:00",165296,120137,45322,0,272397,655257.8571428572,737817.4285714285
"2023-10-24 00:00:00",695262,121956,13268,0,203594,641795.7142857143,836686
"2023-10-25 00:00:00",254193,89119,2372,0,744,631527.2857142857,1005040
"2023-10-26 00:00:00",784281,325118,4614,0,0,679818.1428571428,963201.2857142857
"2023-10-27 00:00:00",436954,165185,31978,0,267229,740390.1428571428,934831.1428571428
"2023-10-28 00:00:00",113515,240901,19170,156,34106,703715.7142857143,736333.7142857143
"2023-10-29 00:00:00",268665,4745,3981,0,0,669181.1428571428,758361.8571428572
"2023-10-30 00:00:00",460321,7304,192,0,32533,654495,797899.1428571428
"2023-10-31 00:00:00",243934,425442,1667,0,0,602632.1428571428,815660
"2023-11-01 00:00:00",565317,18345,3282,0,197156,665156.7142857143,739426.7142857143
"2023-11-02 00:00:00",545888,232750,15758,0,0,619497.1428571428,776430
"2023-11-03 00:00:00",71100,348038,7356,0,373230,604979.8571428572,794973.2857142857
"2023-11-04 00:00:00",667791,0,6454,0,35673,648132.5714285715,866772
"2023-11-05 00:00:00",230720,176816,0,0,4598,667381.7142857143,797282.5714285715
"2023-11-06 00:00:00",132853,65924,13227,0,67523,635835.7142857143,721618.5714285715
"2023-11-07 00:00:00",275277,419862,17888,0,108665,657357.4285714285,748395.8571428572
"2023-11-08 00:00:00",109761,313730,22471,0,278273,648805.2857142857,713950.7142857143
"2023-11-09 00:00:00",1134089,72248,894,0,356,707832.7142857143,699689.1428571428
"2023-11-10 00:00:00",327905,200013,4401,0,127251,687811,749222
"2023-11-11 00:00:00",501251,89714,0,0,263647,708481.4285714285,703803
"2023-11-12 00:00:00",1171065,345265,9141,0,146082,888398.2857142857,724549.5714285715
"2023-11-13 00:00:00",820748,202011,6754,0,0,995538.8571428572,715973.8571428572
"2023-11-14 00:00:00",560097,292711,7596,0,32073,1005650.7142857143,638928.7142857143
"2023-11-15 00:00:00",1057097,245946,6909,0,0,1089324.4285714286,695356.8571428572
"2023-11-16 00:00:00",299181,172950,23411,0,0,987603.7142857143,786716.2857142857
"2023-11-17 00:00:00",309650,49908,0,0,58072,953040.4285714285,732002.5714285715
"2023-11-18 00:00:00",545888,362482,0,0,217650,991813.1428571428,786229.4285714285
"2023-11-19 00:00:00",313093,171394,460,0,410350,880919.5714285715,893881.7142857143
"2023-11-20 00:00:00",506932,310683,14401,0,814,852822.1428571428,961678.1428571428
"2023-11-21 00:00:00",412554,253979,29214,0,97466,838641.5714285715,914157.2857142857
"2023-11-22 00:00:00",648824,426330,17299,0,15585,809797,918805.2857142857
"2023-11-23 00:00:00",95298,91063,0,0,5897,766470.7142857143,855093.7142857143
"2023-11-24 00:00:00",314322,202110,4146,0,613,781265.2857142857,887142.8571428572
"2023-11-25 00:00:00",322566,271557,5220,0,39863,711720.5714285715,855186.1428571428
"2023-11-26 00:00:00",137179,245699,0,0,376172,692256.5714285715,837282
"2023-11-27 00:00:00",131601,88941,0,0,0,604786.7142857143,758731.7142857143
"2023-11-28 00:00:00",211034,130940,816,0,94211,553899.2857142857,760495.8571428572
"2023-11-29 00:00:00",254559,306889,31252,0,0,480279.4285714286,574071.2857142857
"2023-11-30 00:00:00",674285,336937,7000,0,1443,598480.4285714285,575229.1428571428
"2023-12-01 00:00:00",322198,196627,0,0,133723,617245.7142857143,499995.71428571426
"2023-12-02 00:00:00",635672,165787,0,0,0,640424.5714285715,521967.4285714286
"2023-12-03 00:00:00",447437,221795,20941,0,272469,669509.2857142857,485871.14285714284
"2023-12-04 00:00:00",193040,34326,0,0,201,670513,505805.14285714284
"2023-12-05 00:00:00",1238807,348261,4744,0,0,835486,561446.8571428572
"2023-12-06 00:00:00",104592,197066,2919,0,88891,807024.2857142857,741602.8571428572
"2023-12-07 00:00:00",54393,181553,18354,0,5897,698528.7142857143,776730.5714285715
"2023-12-08 00:00:00",768586,464685,2567,0,2434,782203.5714285715,861047.2857142857
"2023-12-09 00:00:00",405700,212698,0,0,253251,792230.7142857143,829250.4285714285
"2023-12-10 00:00:00",371798,255533,25989,0,33063,752764.8571428572,811018.4285714285
"2023-12-11 00:00:00",186632,69994,0,0,0,756916,867009.7142857143
"2023-12-12 00:00:00",139152,195275,2563,0,43636,583889.5714285715,828602.7142857143
"2023-12-13 00:00:00",341078,38712,6003,0,10100,584236.2857142857,675855.7142857143
"2023-12-14 00:00:00",525651,268511,0,0,0,660516.8571428572,692214.8571428572
"2023-12-15 00:00:00",0,0,0,0,0,483620.71428571426,625100.2857142857
"2023-12-16 00:00:00",554887,0,17595,0,0,440882.4285714286,647832.1428571428
"2023-12-17 00:00:00",977391,190105,18414,0,50054,519394.14285714284,626351.5714285715
"2023-12-18 00:00:00",340099,289827,3486,0,4259,573829.2857142857,629622.4285714285
"2023-12-19 00:00:00",511282,34676,24301,0,143483,621417,631713.2857142857
"2023-12-20 00:00:00",281461,182013,0,0,0,631071,688993.7142857143
"2023-12-21 00:00:00",325377,197131,4004,0,0,592835.4285714285,681279
"2023-12-22 00:00:00",81711,110708,8813,0,359511,672941.7142857143,627121.8571428572
"2023-12-23 00:00:00",818056,273487,992,0,988,747376.2857142857,555323.2857142857
"2023-12-24 00:00:00",153183,72982,6408,0,0,604034.8571428572,581688.8571428572
"2023-12-25 00:00:00",565000,90227,8019,0,263079,645271.1428571428,545142.2857142857
"2023-12-26 00:00:00",222845,174804,510,0,0,600188,600716.7142857143
"2023-12-27 00:00:00",310040,317764,0,0,102112,638251.2857142857,585589.8571428572
"2023-12-28 00:00:00",692473,313153,255,0,201,706761.4285714285,550704.1428571428
"2023-12-29 00:00:00",96575,228896,2372,0,0,673490,602130.4285714285
"2023-12-30 00:00:00",187154,279412,5000,0,117,584655.8571428572,713332.1428571428
"2023-12-31 00:00:00",880060,154091,0,177,159067,721915.8571428572,787636.4285714285
"2024-01-01 00:00:00",236143,335685,2366,0,201,671640.2857142857,835581.2857142857
"2024-01-02 00:00:00",1000092,304553,0,0,277856,840832,789615.8571428572
"2024-01-03 00:00:00",261186,168333,0,0,0,797918,789304.1428571428
"2024-01-04 00:00:00",532388,252392,6949,0,0,767296,816261.4285714285
"2024-01-05 00:00:00",427691,212887,0,0,166837,835806.2857142857,783556.4285714285
"2024-01-06 00:00:00",642798,78143,2372,0,613,871840.8571428572,741265.5714285715
"2024-01-07 00:00:00",716438,212012,13195,0,104846,850854.7142857143,703323.1428571428
"2024-01-08 00:00:00",348520,82895,10233,0,305599,875547.8571428572,674859.8571428572
"2024-01-09 00:00:00",388563,16520,10167,0,0,708797.5714285715,732911.8571428572
"2024-01-10 00:00:00",403966,57437,3560,0,0,713861.2857142857,819064.5714285715
"2024-01-11 00:00:00",143500,182007,0,0,101713,661788.5714285715,820162.1428571428
"2024-01-12 00:00:00",373301,236365,26906,0,0,637382.4285714285,803715.7142857143
"2024-01-13 00:00:00",309363,239424,15954,0,0,614641.7142857143,750598.8571428572
"2024-01-14 00:00:00",259978,130987,3094,0,0,521437.14285714284,639719.1428571428
"2024-01-15 00:00:00",334076,274925,2372,156,396014,558622.2857142857,580668
"2024-01-16 00:00:00",433636,54494,17155,0,201,571513.2857142857,514017
"2024-01-17 00:00:00",514528,169061,5674,0,10683,605082.2857142857,468334.71428571426
"2024-01-18 00:00:00",160224,279025,20555,0,3375,610219.4285714285,452749
"2024-01-19 00:00:00",259144,59149,4231,0,127050,583505.5714285715,471897.85714285716
"2024-01-20 00:00:00",302672,55440,2372,0,149841,575731.8571428572,460919.5714285714
"2024-01-21 00:00:00",507097,310771,3934,0,210474,666905.7142857143,524152.85714285716
"2024-01-22 00:00:00",281673,0,18400,0,0,565838.2857142857,553645.8571428572
"2024-01-23 00:00:00",413516,2314,2372,0,2005,553655.5714285715,494145.14285714284
"2024-01-24 00:00:00",415005,90825,197,0,4448,526588.1428571428,444318.85714285716
"2024-01-25 00:00:00",362317,76478,5871,0,271613,562745.2857142857,472450.28571428574
"2024-01-26 00:00:00",228902,103950,5442,0,132948,565840.7142857143,595371.8571428572
"2024-01-27 00:00:00",532294,211236,23928,156,0,602596.2857142857,659289.7142857143
"2024-01-28 00:00:00",172063,242019,28501,0,1624,518586.4285714286,782853.1428571428
"2024-01-29 00:00:00",337831,216143,26707,0,201,558702.1428571428,786141.5714285715
"2024-01-30 00:00:00",723996,189360,0,0,270329,667770.4285714285,953788.8571428572
"2024-01-31 00:00:00",203521,241473,11901,0,0,660116.1428571428,1104372.2857142857
"2024-02-01 00:00:00",40943,105122,728,0,49440,585823.7142857143,1053128.7142857143
"2024-02-02 00:00:00",408240,8175,4381,156,6107,579512,995600
"2024-02-03 00:00:00",436344,127024,6080,0,127050,569352.5714285715,970879
"2024-02-04 00:00:00",56364,111958,1077,0,135835,549499.2857142857,855111.2857142857
"2024-02-05 00:00:00",307042,92367,3370,0,0,524056.14285714284,881977
"2024-02-06 00:00:00",125043,274901,661,0,38604,417702.4285714286,720303.4285714285
"2024-02-07 00:00:00",141562,110888,8954,0,157011,412205.4285714286,615810
"2024-02-08 00:00:00",90122,99221,872,0,1624,411577.71428571426,684818.2857142857
"2024-02-09 00:00:00",163322,266528,19781,0,120909,432075,730738.1428571428
"2024-02-10 00:00:00",288301,66983,24067,0,0,386768.28571428574,785245.7142857143
"2024-02-11 00:00:00",264575,203207,0,0,127631,428222.4285714286,762370.2857142857
"2024-02-12 00:00:00",528656,149356,9543,0,0,468904.71428571426,688558.7142857143
"2024-02-13 00:00:00",272605,192435,1000,0,10100,474180.71428571426,706568.5714285715
"2024-02-14 00:00:00",253247,290020,8038,0,287850,534286.4285714285,713611.8571428572
"2024-02-15 00:00:00",19854,59283,0,0,0,518186.14285714284,664002.5714285715
"2024-02-16 00:00:00",67515,252333,5498,0,0,483158,534934.5714285715
"2024-02-17 00:00:00",1108644,165582,9157,0,34106,617177.8571428572,451022.14285714284
"2024-02-18 00:00:00",138479,0,0,0,0,551901.4285714285,451365.4285714286
"2024-02-19 00:00:00",523026,133624,0,0,0,547486.2857142857,537713.8571428572
"2024-02-20 00:00:00",305762,177307,7730,0,2339,549914.4285714285,544545.8571428572
"2024-02-21 00:00:00",630252,174667,0,0,110621,560826.5714285715,477192.14285714284
"2024-02-22 00:00:00",812966,259667,2372,828,613,703299.4285714285,571802
"2024-02-23 00:00:00",273069,256065,3135,0,93552,746224.4285714285,586384.4285714285
"2024-02-24 00:00:00",362042,55440,4854,0,119,618362.2857142857,667200.1428571428
"2024-02-25 00:00:00",642907,168193,24875,0,310696,762389.8571428572,664523
"2024-02-26 00:00:00",664297,77326,14479,177,5943,777471.5714285715,616912.8571428572
"2024-02-27 00:00:00",230348,412821,7092,0,266854,838040,611088.8571428572
"2024-02-28 00:00:00",619855,261406,19823,0,10843,837523.7142857143,698893.2857142857
"2024-02-29 00:00:00",128096,124454,4682,177,261990,757945.4285714285,598767.4285714285
"2024-03-01 00:00:00",699331,242833,1801,0,10100,804837.8571428572,714613.4285714285
"2024-03-02 00:00:00",94726,87631,8801,0,274195,810966.2857142857,654822.4285714285
"2024-03-03 00:00:00",241525,174723,9291,0,49964,715085.2857142857,655470.8571428572
"2024-03-04 00:00:00",407518,287723,7184,0,93142,719849,684935.1428571428
"2024-03-05 00:00:00",385033,91820,4678,0,102428,672255,701538.5714285715
"2024-03-06 00:00:00",215312,144819,3628,0,287227,634977.7142857143,710315.1428571428
"2024-03-07 00:00:00",228482,112395,3594,0,3970,610555.1428571428,683664
"2024-03-08 00:00:00",440927,357912,8750,0,109886,605327.8571428572,641941
"2024-03-09 00:00:00",458357,35424,12706,0,140953,631340.2857142857,786403.7142857143
"2024-03-10 00:00:00",208836,286260,94,0,2538,634515.1428571428,831464.8571428572
"2024-03-11 00:00:00",982258,0,11854,0,3644,663399,813943.5714285715
"2024-03-12 00:00:00",334242,275316,5375,0,0,667823.8571428572,876551.1428571428
"2024-03-13 00:00:00",313310,55440,4762,0,0,628184.5714285715,828406
"2024-03-14 00:00:00",68248,12493,7393,0,95672,604665.4285714285,939236
"2024-03-15 00:00:00",1145998,0,4177,0,201,637936.7142857143,1007513.8571428572
"2024-03-16 00:00:00",203741,55440,0,0,5897,583313.4285714285,874843.8571428572
"2024-03-17 00:00:00",1203669,162243,9417,156,10596,710221.2857142857,845514.7142857143
"2024-03-18 00:00:00",903231,163899,1549,0,39863,726048.1428571428,916389.1428571428
"2024-03-19 00:00:00",575626,8816,2016,0,0,721980.2857142857,879460.5714285715
"2024-03-20 00:00:00",657834,153999,15951,0,1188,787046.1428571428,880172.5714285715
"2024-03-21 00:00:00",209606,175370,1251,0,742,816069.4285714285,768579.1428571428
"2024-03-22 00:00:00",984056,113478,0,0,11795,810205.7142857143,773884.2857142857
"2024-03-23 00:00:00",557604,85366,4898,0,4201,865490.1428571428,755253
"2024-03-24 00:00:00",816192,135572,4945,0,10100,805594,756635.2857142857
"2024-03-25 00:00:00",1053331,402519,1483,0,10100,856864.1428571428,671988.1428571428
"2024-03-26 00:00:00",594336,153945,4120,0,139346,900476.8571428572,596809.5714285715
"2024-03-27 00:00:00",513746,50662,6458,156,10100,865069.8571428572,586406.2857142857
"2024-03-28 00:00:00",547225,98528,5075,0,233,902797.2857142857,592771.4285714285
"2024-03-29 00:00:00",161656,437889,8325,0,293390,873073.4285714285,486215
"2024-03-30 00:00:00",236181,17566,12267,0,0,817922.7142857143,547603.4285714285
"2024-03-31 00:00:00",393918,235436,0,0,160330,792619.1428571428,589966.2857142857
"2024-04-01 00:00:00",287115,215346,4058,0,11167,656941,630888.4285714285
"2024-04-02 00:00:00",450330,0,0,0,413,593940.4285714285,657373.2857142857
"2024-04-03 00:00:00",996581,331572,11735,0,185481,728832.8571428572,575287.1428571428
"2024-04-04 00:00:00",315218,313462,0,156,0,725657.7142857143,530467.7142857143
"2024-04-05 00:00:00",313961,78100,14043,0,3702,655449.8571428572,623646.5714285715
"2024-04-06 00:00:00",391117,213741,21564,0,201,706965.4285714285,628753.8571428572
"2024-04-07 00:00:00",456652,82598,2439,0,30884,675949.5714285715,659718.7142857143
"2024-04-08 00:00:00",233227,55440,1743,0,201,643510.2857142857,703922.2857142857
"2024-04-09 00:00:00",431145,121958,14973,0,742,660378.2857142857,769026.4285714285
"2024-04-10 00:00:00",409879,351290,5441,0,39863,557678.7142857143,1042730.5714285715
"2024-04-11 00:00:00",497701,84486,0,0,127174,569182.4285714285,1106165.2857142857
"2024-04-12 00:00:00",0,0,0,0,0,510638.4285714286,1085645.2857142857
"2024-04-13 00:00:00",0,55460,0,0,127050,447193.71428571426,1022845.8571428572
"2024-04-14 00:00:00",963703,81974,20939,0,0,517771.14285714284,1082530.5714285714
"2024-04-15 00:00:00",460571,310100,2372,0,133228,605722.4285714285,1003820.7142857143
"2024-04-16 00:00:00",592443,425934,20529,0,75102,683606.7142857143,944976.7142857143
"2024-04-17 00:00:00",709500,391460,9893,0,337544,775310.2857142857,772668.7142857143
"2024-04-18 00:00:00",523236,261135,13195,0,55254,795804.2857142857,741607
"2024-04-19 00:00:00",1549747,55440,20778,0,102960,1042793.7142857143,676701.7142857143
"2024-04-20 00:00:00",181886,245972,4841,0,275650,1117913.7142857143,746228.7142857143
"2024-04-21 00:00:00",1493682,174008,9007,0,11725,1206743.2857142857,717864.5714285715
"2024-04-22 00:00:00",271423,159087,3952,0,220,1139373.4285714286,736967.5714285715
"2024-04-23 00:00:00",1019631,240506,8083,0,0,1161403.4285714286,798200.8571428572
"2024-04-24 00:00:00",925295,253929,5434,0,193327,1151344.5714285714,781380.7142857143
"2024-04-25 00:00:00",257277,279346,3713,0,127050,1124854.142857143,813562.7142857143
"2024-04-26 00:00:00",187291,93807,10192,0,307086,963347.1428571428,770941.4285714285
"2024-04-27 00:00:00",254037,0,2372,0,66582,908295.8571428572,782905
"2024-04-28 00:00:00",1537343,102616,8711,0,250798,938445.1428571428,645944.5714285715
"2024-04-29 00:00:00",670013,183734,5128,0,97075,1012912,681182.1428571428
"2024-04-30 00:00:00",251494,77770,7276,0,0,879815,703936
"2024-05-01 00:00:00",334083,403938,6541,0,0,789326,840840.5714285715
"2024-05-02 00:00:00",377605,259404,19611,0,1799,788045,756333.7142857143
"2024-05-03 00:00:00",109064,195107,11214,0,132948,766610.2857142857,711810.2857142857
"2024-05-04 00:00:00",569796,55440,9425,0,20201,814020.4285714285,642311.2857142857
"2024-05-05 00:00:00",1446097,215152,15057,0,10100,783583.1428571428,713921.5714285715
"2024-05-06 00:00:00",1083523,110052,0,0,10843,819078.5714285715,668536.7142857143
"2024-05-07 00:00:00",595387,300682,4153,156,66582,909138.5714285715,757824.8571428572
"2024-05-08 00:00:00",441177,374842,0,0,727,919450.2857142857,605361.1428571428
"2024-05-09 00:00:00",225708,222037,3088,0,102981,904506.7142857143,743838.1428571428
"2024-05-10 00:00:00",202910,197275,13854,0,134546,918828.5714285715,747831
"2024-05-11 00:00:00",209592,64522,0,0,3822,864982,803265.1428571428
"2024-05-12 00:00:00",407850,142315,9528,0,373542,757386,793068.8571428572
"2024-05-13 00:00:00",156107,0,1322,0,228034,640392.4285714285,912563
"2024-05-14 00:00:00",295820,124935,8961,156,10100,565108.5714285715,785869
"2024-05-15 00:00:00",434651,179429,3963,0,715,536824.7142857143,789372.2857142857
"2024-05-16 00:00:00",422813,131715,2835,0,375067,590912.8571428572,755206.1428571428
"2024-05-17 00:00:00",227967,321795,2372,0,144039,611996.8571428572,889202.8571428572
"2024-05-18 00:00:00",625854,186348,4744,0,32973,693708.7142857143,840792.2857142857
"2024-05-19 00:00:00",196316,196952,2372,0,99280,631092.4285714285,824044.4285714285
"2024-05-20 00:00:00",261305,80050,5287,0,201,625575.2857142857,630947.5714285715
"2024-05-21 00:00:00",1342049,134338,2372,0,266955,812109.8571428572,649952.8571428572
"2024-05-22 00:00:00",1014806,142855,0,0,32148,893688.5714285715,663762
"2024-05-23 00:00:00",0,0,0,0,0,760483.8571428572,571956.1428571428
"2024-05-24 00:00:00",0,55440,0,0,0,668950.2857142857,515678
"2024-05-25 00:00:00",410843,178374,12826,0,0,633539.2857142857,536982.8571428572
"2024-05-26 00:00:00",422269,247757,33464,0,356659,714286.1428571428,464310
"2024-05-27 00:00:00",554220,618846,6304,0,0,833218.7142857143,584088.7142857143
"2024-05-28 00:00:00",375037,0,15266,0,171004,664017.5714285715,534459.5714285715
"2024-05-29 00:00:00",572458,174302,8185,0,19,601896.8571428572,458171.71428571426
"2024-05-30 00:00:00",931111,162564,0,0,10100,759579.1428571428,555076.4285714285
"2024-05-31 00:00:00",391418,55918,0,0,298070,858145.8571428572,489940.5714285714
"2024-06-01 00:00:00",312283,375639,31456,0,97668,888860.8571428572,454441.4285714286
"2024-06-02 00:00:00",325613,67140,4744,0,201267,822948.7142857143,619241.4285714285
"2024-06-03 00:00:00",613531,116739,5755,0,255860,796165,580767.4285714285
"2024-06-04 00:00:00",352820,39978,0,0,1366,772287.4285714285,572242
"2024-06-05 00:00:00",1238729,55440,5427,0,76683,861046.8571428572,741833.8571428572
"2024-06-06 00:00:00",253673,92295,0,0,34791,757759,783629.1428571428
"2024-06-07 00:00:00",187976,423550,14794,0,166945,764596.1428571428,906322.4285714285
"2024-06-08 00:00:00",640992,236382,2372,0,227201,806010.4285714285,984816.2857142857
"2024-06-09 00:00:00",335565,97430,4744,0,267465,821216.2857142857,883253.4285714285
"2024-06-10 00:00:00",867103,289028,7872,0,10570,847314.7142857143,834758.7142857143
"2024-06-11 00:00:00",386327,0,20204,0,0,849081.4285714285,914745.2857142857
"2024-06-12 00:00:00",97380,0,0,0,0,666381.2857142857,877204.4285714285
"2024-06-13 00:00:00",566697,425752,36372,0,0,758961.5714285715,797197.7142857143
"2024-06-14 00:00:00",719801,269523,4744,0,10100,789090.5714285715,737798.8571428572
"2024-06-15 00:00:00",119474,170817,218,0,153706,694414.4285714285,655199.7142857143
"2024-06-16 00:00:00",20621,247625,0,0,41515,637922.5714285715,750349
"2024-06-17 00:00:00",373104,203452,0,0,147609,573578.5714285715,921142.7142857143
"2024-06-18 00:00:00",385248,114140,7526,0,278917,627764.4285714285,903062.2857142857
"2024-06-19 00:00:00",557448,256439,12361,0,0,731888.5714285715,841856.7142857143
"2024-06-20 00:00:00",794184,0,5554,0,18471,701801.1428571428,820253
"2024-06-21 00:00:00",384073,265830,6741,0,257357,688920,764632.1428571428
"2024-06-22 00:00:00",665244,55440,0,0,283738,768949.7142857143,728550.5714285715
"2024-06-23 00:00:00",107434,75542,3753,0,34106,756245.8571428572,671227.1428571428
"2024-06-24 00:00:00",720786,55440,9270,0,62324,773910.7142857143,589798.8571428572
"2024-06-25 00:00:00",127611,191758,2372,0,42283,713652.4285714285,547227.1428571428
"2024-06-26 00:00:00",266858,85991,6899,0,298942,689715.5714285715,571998.8571428572
"2024-06-27 00:00:00",595736,0,1744,0,272590,697124.1428571428,580819.7142857143
"2024-06-28 00:00:00",505749,176729,14737,0,132948,685147.4285714285,662206.5714285715
"2024-06-29 00:00:00",958293,392873,0,0,0,734682.2857142857,700778.1428571428
"2024-06-30 00:00:00",711737,152170,2372,0,307194,870773.4285714285,842366
"2024-07-01 00:00:00",235771,288762,8293,0,5897,826617,871463
"2024-07-02 00:00:00",212815,35633,2590,0,9412,811820.7142857143,781396.2857142857
"2024-07-03 00:00:00",143307,305937,0,0,4851,782592.7142857143,934979.2857142857
"2024-07-04 00:00:00",1051446,20864,11021,0,0,813058.5714285715,1015085.7142857143
"2024-07-05 00:00:00",190945,170536,21124,0,5796,749949.4285714285,987620.4285714285
"2024-07-06 00:00:00",717728,332759,21216,0,272565,748963.8571428572,925457
"2024-07-07 00:00:00",226101,62210,7833,0,164010,647061.1428571428,762691.7142857143
"2024-07-08 00:00:00",238957,220091,2372,0,31500,640517.5714285715,666136.2857142857
"2024-07-09 00:00:00",146951,342352,8273,0,162772,697646,765048.4285714285
"2024-07-10 00:00:00",419810,116996,17915,0,10100,713464.1428571428,681773.2857142857
"2024-07-11 00:00:00",713146,0,14853,0,40517,668490.4285714285,636198.1428571428
"2024-07-12 00:00:00",298412,201619,15915,0,10100,688154.1428571428,697958.8571428572
"2024-07-13 00:00:00",313382,325593,5196,0,74593,598796.5714285715,713302.8571428572
"2024-07-14 00:00:00",745748,8716,2763,0,181420,667152.8571428572,699197.1428571428
"2024-07-15 00:00:00",1117046,247762,7002,0,130852,811401.8571428572,730870.5714285715
"2024-07-16 00:00:00",640661,298374,4744,0,41404,857806.7142857143,691136.2857142857
"2024-07-17 00:00:00",729676,372970,16933,0,0,937057.7142857143,544792.7142857143
"2024-07-18 00:00:00",532812,55440,0,0,61156,920042.2857142857,500161.5714285714
"2024-07-19 00:00:00",619273,255518,13908,0,0,971850,453842
"2024-07-20 00:00:00",465782,365,2754,0,164188,959610.8571428572,535705.4285714285
"2024-07-21 00:00:00",554171,174523,15236,0,168014,955796,591274.1428571428
"2024-07-22 00:00:00",627799,296863,5846,0,166914,897904.5714285715,670918.1428571428
"2024-07-23 00:00:00",732782,0,0,0,69342,871753.1428571428,695450.2857142857
"2024-07-24 00:00:00",44414,0,0,0,5897,719000.5714285715,723584.2857142857
"2024-07-25 00:00:00",377042,196589,6332,0,0,709080,746222.1428571428
"2024-07-26 00:00:00",438140,260558,4744,0,0,682614.5714285715,744815.4285714285
"2024-07-27 00:00:00",298792,110880,0,0,0,650697.5714285715,748410.8571428572
"2024-07-28 00:00:00",91290,201964,4279,0,401883,620336.4285714285,728383.1428571428
"2024-07-29 00:00:00",543401,231849,4744,0,37948,580410.7142857143,694016.4285714285
"2024-07-30 00:00:00",1051761,258557,6109,0,281173,694050.2857142857,643381.4285714285
"2024-07-31 00:00:00",121567,241033,2278,0,279346,778895.2857142857,769179.8571428572
"2024-08-01 00:00:00",204819,174883,2372,0,52480,758122.5714285715,814258
"2024-08-02 00:00:00",207938,171492,9706,0,168491,737291.8571428572,804017.2857142857
"2024-08-03 00:00:00",496216,256639,9363,0,10626,789173.8571428572,772833.5714285715
"2024-08-04 00:00:00",731224,159985,2384,0,20299,819813.4285714285,719082.1428571428
"2024-08-05 00:00:00",471562,332214,501,0,0,817861.1428571428,623265.4285714285
"2024-08-06 00:00:00",560959,121621,5078,0,5897,688712,690813.8571428572
"2024-08-07 00:00:00",195371,219646,6671,0,145752,677742.7142857143,802522
"2024-08-08 00:00:00",238709,132589,14529,0,21140,673801.8571428572,798833.2857142857
"2024-08-09 00:00:00",110249,28513,744,0,136351,633549.1428571428,818860.7142857143
"2024-08-10 00:00:00",390452,0,0,0,0,578921.4285714285,846965.7142857143
"2024-08-11 00:00:00",247278,329145,18946,0,20201,536304,845641
"2024-08-12 00:00:00",317725,384872,0,0,0,521778.28571428574,989620.1428571428
"2024-08-13 00:00:00",430089,207355,6299,0,520,514736.4285714286,1002288.7142857143
"2024-08-14 00:00:00",342298,253091,4744,0,353813,569951.5714285715,810777.1428571428
"2024-08-15 00:00:00",685928,285790,0,0,272565,689568,736342.4285714285
"2024-08-16 00:00:00",153327,135124,13132,0,34628,698189.8571428572,783936.8571428572
"2024-08-17 00:00:00",722326,839,2770,0,10100,747559.1428571428,692050
"2024-08-18 00:00:00",732717,199898,9453,0,129091,812643.2857142857,732634.8571428572
"2024-08-19 00:00:00",1436726,296882,4744,0,0,960608.4285714285,616867.5714285715
"2024-08-20 00:00:00",461446,0,18577,0,270226,975749.1428571428,719851.4285714285
"2024-08-21 00:00:00",270051,311279,18591,0,96246,938923.5714285715,723833
"2024-08-22 00:00:00",433952,226694,10699,0,4263,857684.2857142857,749989.5714285715
"2024-08-23 00:00:00",427168,199844,7174,0,292232,941999.7142857143,663176.4285714285
"2024-08-24 00:00:00",936465,162247,1426,0,276734,1033547.7142857143,718801.7142857143
"2024-08-25 00:00:00",349002,142021,26851,0,283488,995005.1428571428,708389.1428571428
"2024-08-26 00:00:00",105060,112091,11084,0,1447,779480.7142857143,694074.8571428572
"2024-08-27 00:00:00",1236941,42333,7116,0,0,856072.4285714285,520218
"2024-08-28 00:00:00",331107,201423,30216,0,0,837012.2857142857,542335.7142857143
"2024-08-29 00:00:00",323747,212243,188,0,276652,856615.4285714285,627399.2857142857
"2024-08-30 00:00:00",541506,206706,14142,0,0,833177.7142857143,664334.8571428572
"2024-08-31 00:00:00",129357,343993,14219,0,100865,720543.5714285715,761816
"2024-09-01 00:00:00",266570,45478,12425,0,34388,657329.2857142857,738108.4285714285
"2024-09-02 00:00:00",342701,197462,11583,0,51927,710756.5714285715,754182.8571428572
"2024-09-03 00:00:00",386487,236284,340,0,10915,617561.7142857143,784547.2857142857
"2024-09-04 00:00:00",348851,291774,10734,0,0,630220.8571428572,779463.5714285715
"2024-09-05 00:00:00",324292,355677,9648,0,0,612619,668774.2857142857
"2024-09-06 00:00:00",345021,346942,10800,0,294235,646139.5714285715,766875.7142857143
"2024-09-07 00:00:00",774143,115707,15729,0,10100,692889.2857142857,782441.1428571428
"2024-09-08 00:00:00",295339,200368,1385,0,40348,718400.5714285715,896300.1428571428
"2024-09-09 00:00:00",335295,148349,2590,0,201,701652.4285714285,907331.2857142857
"2024-09-10 00:00:00",344714,179792,0,0,7455,687071.7142857143,874211
"2024-09-11 00:00:00",503173,55440,938,0,3338,674432.8571428572,803616.1428571428
"2024-09-12 00:00:00",1066776,184463,2372,0,40253,760753.8571428572,1077046.2857142857
"2024-09-13 00:00:00",239763,218137,15751,0,467308,752748.1428571428,949678.7142857143
"2024-09-14 00:00:00",178123,237838,3155,0,95942,695516.2857142857,863240.2857142857
"2024-09-15 00:00:00",366610,222520,2372,0,70545,713317.1428571428,788406.5714285715
"2024-09-16 00:00:00",653155,67336,0,0,10100,748196.5714285715,790504.2857142857
"2024-09-17 00:00:00",222718,111327,20470,0,0,722847.2857142857,826759.5714285715
"2024-09-18 00:00:00",451100,165727,10465,0,0,732048,955782.1428571428
"2024-09-19 00:00:00",180947,0,6799,0,0,574031,725940.5714285715
"2024-09-20 00:00:00",189766,220717,291,0,10100,499733.4285714286,984342.4285714285
"2024-09-21 00:00:00",0,0,0,0,0,426153.5714285714,935696.4285714285
"2024-09-22 00:00:00",468708,0,1672,0,2408,399116.5714285714,937258.4285714285
"2024-09-23 00:00:00",2889391,483374,13538,0,310495,822860.2857142857,939498.8571428572
"2024-09-24 00:00:00",406099,103903,350,0,340942,893828.5714285715,1006087.8571428572
"2024-09-25 00:00:00",974641,241365,38686,0,37663,988837.5714285715,908731.8571428572
"2024-09-26 00:00:00",308301,0,12670,0,140755,1027977.7142857143,896147.8571428572
"2024-09-27 00:00:00",62850,171227,30132,0,32524,1010242.8571428572,615446.2857142857
"2024-09-28 00:00:00",687493,297514,14268,0,137151,1172589.857142857,599909.8571428572
"2024-09-29 00:00:00",367806,258487,2372,0,5877,1195697.7142857143,610633.8571428572
"2024-09-30 00:00:00",708474,432910,5066,0,3604,831877,628319
"2024-10-01 00:00:00",103295,0,12454,0,0,726799.1428571428,549936.2857142857
"2024-10-02 00:00:00",124076,251290,4142,0,48514,603323.1428571428,516588.28571428574
"2024-10-03 00:00:00",367730,78600,9831,0,742,602634.1428571428,613366.7142857143
"2024-10-04 00:00:00",424651,343572,1180,0,201,670187.2857142857,622188
"2024-10-05 00:00:00",102506,101066,0,0,33057,541644.4285714285,635723
"2024-10-06 00:00:00",177891,120810,0,0,6454,494589,628734.8571428572
"2024-10-07 00:00:00",1161103,246488,21205,0,269109,572853.5714285715,570708.7142857143
"2024-10-08 00:00:00",174048,429148,6866,156,6175,644374.2857142857,567446.4285714285
"2024-10-09 00:00:00",152077,280113,20772,3645,46165,655052.5714285715,522251.71428571426
"2024-10-10 00:00:00",636637,49185,4744,0,0,688433.1428571428,562085
"2024-10-11 00:00:00",597652,254312,18217,156,35983,707964,687081
"2024-10-12 00:00:00",277514,379297,5619,0,0,768792.8571428572,762806
"2024-10-13 00:00:00",890574,236197,4299,0,134848,906044.7142857143,810448.7142857143
"2024-10-14 00:00:00",591334,376578,1449,156,0,801989.2857142857,866296.4285714285
"2024-10-15 00:00:00",854823,0,22601,0,417528,898926.1428571428,1006285.4285714285
"2024-10-16 00:00:00",573816,332583,8236,0,2056,958057.5714285715,1157844.2857142857
"2024-10-17 00:00:00",157715,277911,4744,0,20855,925294.4285714285,997067.1428571428
"2024-10-18 00:00:00",7768,0,0,0,0,796929.7142857143,921508.4285714285
"2024-10-19 00:00:00",23560,0,23440,0,0,709011.1428571428,855566.2857142857
"2024-10-20 00:00:00",200739,97973,29410,0,444198,638497.2857142857,802566.1428571428
"2024-10-21 00:00:00",1098242,320674,13175,0,144326,725197.4285714285,773720
"2024-10-22 00:00:00",438109,174008,2749,0,46198,634642.1428571428,655257.8571428572
"2024-10-23 00:00:00",753931,59450,12319,0,143163,642095.2857142857,641795.7142857143
"2024-10-24 00:00:00",247316,206650,4280,0,40825,647502,631527.2857142857
"2024-10-25 00:00:00",527123,140903,2703,0,22005,745354.4285714285,679818.1428571428
"2024-10-26 00:00:00",176958,57526,0,0,296739,814529.2857142857,740390.1428571428
"2024-10-27 00:00:00",521698,127252,0,0,340757,845584.4285714285,703715.7142857143
"2024-10-28 00:00:00",565849,55440,9488,156,0,710515.1428571428,669181.1428571428
"2024-10-29 00:00:00",918695,257452,28015,0,9181,789412.1428571428,654495
"2024-10-30 00:00:00",979950,236982,8777,0,20829,829080,602632.1428571428
"2024-10-31 00:00:00",1133128,263776,14003,0,32148,963934.8571428572,665156.7142857143
"2024-11-01 00:00:00",240849,170505,14481,0,175394,950862.7142857143,619497.1428571428
"2024-11-02 00:00:00",264131,337453,910,0,21912,964174.4285714285,604979.8571428572
"2024-11-03 00:00:00",1055404,136,2372,0,21755,977025.8571428572,648132.5714285715
"2024-11-04 00:00:00",222456,158878,11510,0,742,943119.2857142857,667381.7142857143
"2024-11-05 00:00:00",657202,66359,4962,0,291788,915543.2857142857,635835.7142857143
"2024-11-06 00:00:00",324679,197018,24977,0,474,815630.4285714285,657357.4285714285
"2024-11-07 00:00:00",233380,286835,4386,0,441933,747555.8571428572,648805.2857142857
"2024-11-08 00:00:00",1104355,127988,12038,0,0,839434.7142857143,707832.7142857143
"2024-11-09 00:00:00",681676,287267,4879,0,33163,894089,687811
"2024-11-10 00:00:00",87647,166532,24995,0,0,779732.8571428572,708481.4285714285
"2024-11-11 00:00:00",548601,70930,6771,0,5352,813742.4285714285,888398.2857142857
"2024-11-12 00:00:00",172272,128704,2372,0,73651,721840.5714285715,995538.8571428572
"2024-11-13 00:00:00",515575,93125,15970,0,127050,751065.1428571428,1005650.7142857143
"2024-11-14 00:00:00",433485,290940,2372,0,104742,731780,1089324.4285714286
"2024-11-15 00:00:00",233792,137070,6714,0,32234,612555.7142857143,987603.7142857143
"2024-11-16 00:00:00",357687,172955,2719,0,742,545000.8571428572,953040.4285714285
"2024-11-17 00:00:00",412652,350502,37552,156,0,619527.7142857143,991813.1428571428
"2024-11-18 00:00:00",318488,16280,2372,0,10100,578897.1428571428,880919.5714285715
"2024-11-19 00:00:00",266954,122301,19260,0,181881,609382.4285714285,852822.1428571428
"2024-11-20 00:00:00",335294,276161,9855,0,10843,592301.4285714285,838641.5714285715
"2024-11-21 00:00:00",903024,201436,0,0,561315,711478,809797
"2024-11-22 00:00:00",471718,101305,5096,0,37129,740826.2857142857,766470.7142857143
"2024-11-23 00:00:00",440416,237668,43853,0,6639,768608.2857142857,781265.2857142857
"2024-11-24 00:00:00",700634,55440,13094,0,171723,788612.4285714285,711720.5714285715
"2024-11-25 00:00:00",329334,241493,0,0,54171,828292.1428571428,692256.5714285715
"2024-11-26 00:00:00",206268,0,8011,0,126818,792678,604786.7142857143
"2024-11-27 00:00:00",269213,251925,513,0,10100,778334.8571428572,553899.2857142857
"2024-11-28 00:00:00",669879,354325,11752,0,102352,702982.5714285715,480279.4285714286
"2024-11-29 00:00:00",319278,122454,29328,0,0,682384.1428571428,598480.4285714285
"2024-11-30 00:00:00",614768,110880,0,673,131226,700808.5714285715,617245.7142857143
"2024-12-01 00:00:00",377123,245373,10604,0,7721,657941.4285714285,640424.5714285715
"2024-12-02 00:00:00",666800,390126,4581,156,24908,723880.7142857143,669509.2857142857
"2024-12-03 00:00:00",378265,320880,15134,0,483617,846280.5714285715,670513
"2024-12-04 00:00:00",393292,144424,7667,0,0,848227.8571428572,835486
"2024-12-05 00:00:00",266925,0,2719,0,449781,788387.4285714285,807024.2857142857
"2024-12-06 00:00:00",198570,56263,16434,0,10100,761288.5714285715,698528.7142857143
"2024-12-07 00:00:00",442053,168783,6718,156,100855,741434.1428571428,782203.5714285715
"2024-12-08 00:00:00",489681,186085,21620,0,11795,751199.8571428572,792230.7142857143
"2024-12-09 00:00:00",120798,95959,10923,0,208260,658252.4285714285,752764.8571428572
"2024-12-10 00:00:00",210181,57212,7828,0,16005,528728.2857142857,756916
"2024-12-11 00:00:00",236947,157202,13707,0,164815,532626.5714285715,583889.5714285715
"2024-12-12 00:00:00",509674,245874,17275,0,143190,560710.5714285715,584236.2857142857
"2024-12-13 00:00:00",306676,56513,38494,0,34323,582801.8571428572,660516.8571428572
"2024-12-14 00:00:00",518731,243034,4744,0,10100,591093.8571428572,483620.71428571426
"2024-12-15 00:00:00",776599,228824,2566,0,10100,635223.8571428572,440882.4285714286
"2024-12-16 00:00:00",1012050,170147,14958,0,27262,747863.4285714285,519394.14285714284
"2024-12-17 00:00:00",167660,185032,5208,0,1293,757573,573829.2857142857
"2024-12-18 00:00:00",605071,91132,7102,0,54509,784022,621417
"2024-12-19 00:00:00",361069,11106,7486,0,40403,713172,631071
"2024-12-20 00:00:00",372508,78979,7582,0,127050,734616.5714285715,592835.4285714285
"2024-12-21 00:00:00",254332,0,2372,0,442627,723576.8571428572,672941.7142857143
"2024-12-22 00:00:00",720751,306618,15336,0,3893,727649.4285714285,747376.2857142857
"2024-12-23 00:00:00",351251,127588,0,0,0,621138,604034.8571428572
"2024-12-24 00:00:00",787287,405240,4744,0,136354,760342.5714285715,645271.1428571428
"2024-12-25 00:00:00",215337,138323,4674,0,613,703361.7142857143,600188
"2024-12-26 00:00:00",270097,86451,0,0,14484,696357.1428571428,638251.2857142857
"2024-12-27 00:00:00",766911,135726,17320,0,943,744183,706761.4285714285
"2024-12-28 00:00:00",707317,0,2372,0,6490,746589.7142857143,673490
"2024-12-29 00:00:00",342350,110880,0,0,0,661822.5714285715,584655.8571428572
"2024-12-30 00:00:00",775633,84827,4744,0,101985,731587,721915.8571428572
"2024-12-31 00:00:00",730417,173965,1581,0,10699,672020.8571428572,671640.2857142857
"2025-01-01 00:00:00",492871,72228,218,0,0,701502.1428571428,840832
"2025-01-02 00:00:00",855617,130609,5672,0,0,790197.4285714285,797918
"2025-01-03 00:00:00",198278,236905,2372,0,10100,722591,767296
"2025-01-04 00:00:00",551324,307775,0,0,0,743008,835806.2857142857
"2025-01-05 00:00:00",628983,125442,5660,0,3762,787382,871840.8571428572
"2025-01-06 00:00:00",445084,43896,2158,0,0,719374.8571428572,850854.7142857143
"2025-01-07 00:00:00",703566,193593,6313,0,209340,747396,875547.8571428572
"2025-01-08 00:00:00",956590,327544,2927,0,0,850502.1428571428,708797.5714285715
"2025-01-09 00:00:00",340213,49248,4991,0,0,765152.7142857143,713861.2857142857
"2025-01-10 00:00:00",219319,157849,2372,0,380141,809727.8571428572,661788.5714285715
"2025-01-11 00:00:00",664008,143121,13138,0,10335,805657.1428571428,637382.4285714285
"2025-01-12 00:00:00",586924,266640,0,0,4003,819045.7142857143,614641.7142857143
"2025-01-13 00:00:00",250720,168770,9782,0,18080,812790.5714285715,521437.14285714284
"2025-01-14 00:00:00",454396,176128,5771,0,272170,783598.4285714285,558622.2857142857
"2025-01-15 00:00:00",145638,341878,9488,0,127050,688883.4285714285,571513.2857142857
"2025-01-16 00:00:00",220583,73212,20964,0,0,677498.7142857143,605082.2857142857
"2025-01-17 00:00:00",299156,329894,3986,0,0,659406.4285714285,610219.4285714285
"2025-01-18 00:00:00",585280,379836,12040,0,318652,725864.4285714285,583505.5714285715
"2025-01-19 00:00:00",260276,312751,22633,0,0,688449.1428571428,575731.8571428572
"2025-01-20 00:00:00",259408,0,5097,0,699,662428,666905.7142857143
"2025-01-21 00:00:00",618512,221253,8679,0,60266,662463,565838.2857142857
"2025-01-22 00:00:00",138272,149575,23526,0,10100,619237.2857142857,553655.5714285715
"2025-01-23 00:00:00",601009,113677,32849,0,0,681062.4285714285,526588.1428571428
"2025-01-24 00:00:00",296996,321615,0,0,124529,696791.7142857143,562745.2857142857
"2025-01-25 00:00:00",435811,240378,12588,0,0,610072.8571428572,565840.7142857143
"2025-01-26 00:00:00",168687,215203,1151,0,0,579984.4285714285,602596.2857142857
"2025-01-27 00:00:00",147378,110880,10308,0,0,580464.4285714285,518586.4285714286
"2025-01-28 00:00:00",794526,161970,0,0,274021,626436.7142857143,558702.1428571428
"2025-01-29 00:00:00",301692,121457,11745,0,17334,645115.8571428572,667770.4285714285
"2025-01-30 00:00:00",534668,294052,3112,0,20201,660044.2857142857,660116.1428571428
"2025-01-31 00:00:00",261647,195593,0,0,6158,620081.2857142857,585823.7142857143
"2025-02-01 00:00:00",743953,302277,15931,0,0,673421.8571428572,579512
"2025-02-02 00:00:00",1310592,86386,1322,0,0,818173.1428571428,569352.5714285715
"2025-02-03 00:00:00",454849,265926,0,0,0,882774.4285714285,549499.2857142857
"2025-02-04 00:00:00",373284,201900,30424,0,5425,794276.7142857143,524056.14285714284
"2025-02-05 00:00:00",648303,0,4396,0,0,822915.2857142857,417702.4285714286
"2025-02-06 00:00:00",127517,150138,31139,0,17291,747779.7142857143,412205.4285714286
"2025-02-07 00:00:00",607262,208842,16690,0,3405,801036.8571428572,411577.71428571426
"2025-02-08 00:00:00",774591,55926,0,0,40953,773795.4285714285,432075
"2025-02-09 00:00:00",438962,128212,23683,0,2154,658754.2857142857,386768.28571428574
"2025-02-10 00:00:00",1122887,226998,5266,0,127050,767529.7142857143,428222.4285714286
"2025-02-11 00:00:00",626216,4885,21445,0,0,773460.1428571428,468904.71428571426
"2025-02-12 00:00:00",274119,110880,0,0,0,735217.1428571428,474180.71428571426
"2025-02-13 00:00:00",435026,253192,1717,0,0,787195.7142857143,534286.4285714285
"2025-02-14 00:00:00",219217,31663,3442,0,39863,709765.1428571428,518186.14285714284
"2025-02-15 00:00:00",1538537,148519,9251,0,61805,836428.1428571428,483158
"2025-02-16 00:00:00",563935,262765,14252,177,34898,876858.8571428572,617177.8571428572
"2025-02-17 00:00:00",646650,54261,2950,0,279358,805575.8571428572,551901.4285714285
"2025-02-18 00:00:00",337753,321928,5892,0,127050,825586.8571428572,547486.2857142857
"2025-02-19 00:00:00",157424,157255,8499,177,107618,832154.8571428572,549914.4285714285
"2025-02-20 00:00:00",416731,190933,42484,0,49168,833495.1428571428,560826.5714285715
"2025-02-21 00:00:00",614775,82323,5464,320,0,891880.5714285715,703299.4285714285
"2025-02-22 00:00:00",676227,0,12746,0,373047,792438.8571428572,746224.4285714285
"2025-02-23 00:00:00",121266,316628,2804,177,20201,733160.1428571428,618362.2857142857
"2025-02-24 00:00:00",370205,0,8685,0,5897,647669.7142857143,762389.8571428572
"2025-02-25 00:00:00",311632,344478,10831,0,0,629715,777471.5714285715
"2025-02-26 00:00:00",137626,248373,10109,177,0,624759.2857142857,838040
"2025-02-27 00:00:00",285691,0,0,0,254101,601970,837523.7142857143
"2025-02-28 00:00:00",0,0,0,0,0,501558,757945.4285714285
"2025-03-01 00:00:00",489547,0,23323,1149,0,423272,804837.8571428572
"2025-03-02 00:00:00",181805,0,2568,0,0,383742.85714285716,810966.2857142857
"2025-03-03 00:00:00",583602,305627,1307,321,88592,468694.5714285714,715085.2857142857
"2025-03-04 00:00:00",765866,196901,5673,0,46369,518390.28571428574,719849
"2025-03-05 00:00:00",536257,57650,2956,0,488472,616826.2857142857,672255
"2025-03-06 00:00:00",220490,79591,2017,177,127050,601045.4285714285,634977.7142857143
"2025-03-07 00:00:00",567871,85287,53147,0,10100,703389.2857142857,610555.1428571428
"2025-03-08 00:00:00",928195,212635,12241,0,10100,796125.4285714285,605327.8571428572
"2025-03-09 00:00:00",204699,76801,3912,0,106145,825723.2857142857,631340.2857142857
"2025-03-10 00:00:00",478305,90256,17399,0,4028,770086,634515.1428571428
"2025-03-11 00:00:00",484245,55440,6528,0,97348,717050.4285714285,663399
"2025-03-12 00:00:00",292848,99354,0,0,0,618031.2857142857,667823.8571428572
"2025-03-13 00:00:00",696504,215833,32691,0,406114,749719.2857142857,628184.5714285715
"2025-03-14 00:00:00",906718,384190,8186,0,201,832989,604665.4285714285
"2025-03-15 00:00:00",339417,167073,9965,397,275949,780079,637936.7142857143
"2025-03-16 00:00:00",422419,241823,1184,0,49385,826258.2857142857,583313.4285714285
"2025-03-17 00:00:00",328865,110880,3073,0,90116,818107.5714285715,710221.2857142857
"2025-03-18 00:00:00",179659,350711,11614,0,15998,805882.1428571428,726048.1428571428
"2025-03-19 00:00:00",507501,82408,22390,0,1807,837582.7142857143,721980.2857142857
"2025-03-20 00:00:00",593007,159772,19416,0,17188,757331.5714285715,787046.1428571428
"2025-03-21 00:00:00",591553,300046,8862,0,10843,701904.2857142857,816069.4285714285
"2025-03-22 00:00:00",272366,181473,8810,0,101334,669216,810205.7142857143
"2025-03-23 00:00:00",348517,11756,26599,0,70191,632394.7142857143,865490.1428571428
"2025-03-24 00:00:00",427812,257760,1169,0,24009,657797.1428571428,805594
"2025-03-25 00:00:00",824125,70174,4848,156,439632,769361.7142857143,856864.1428571428
"2025-03-26 00:00:00",1055414,348504,3136,0,0,882639.8571428572,900476.8571428572
"2025-03-27 00:00:00",772182,125520,15132,0,3905,900833.4285714285,865069.8571428572
"2025-03-28 00:00:00",836006,90301,0,0,1090,903132.5714285715,902797.2857142857
"2025-03-29 00:00:00",372471,152509,13125,0,301064,942444.8571428572,873073.4285714285
"2025-03-30 00:00:00",158868,90262,17291,0,0,915210.1428571428,817922.7142857143
"2025-03-31 00:00:00",286602,117224,2486,0,98774,885829.4285714285,792619.1428571428
"2025-04-01 00:00:00",423812,196920,2937,0,10100,785091.5714285715,656941
"2025-04-02 00:00:00",177365,174106,4993,0,990,635149,593940.4285714285
"2025-04-03 00:00:00",323706,114569,9375,0,613,568223.8571428572,728832.8571428572
"2025-04-04 00:00:00",272826,68725,18510,0,113022,503322.14285714284,725657.7142857143
"2025-04-05 00:00:00",335375,175877,18285,0,26099,462817.4285714286,655449.8571428572
"2025-04-06 00:00:00",141435,127079,27168,0,466709,533670.4285714285,706965.4285714285
"2025-04-07 00:00:00",679380,177551,4282,0,19,584548.5714285715,675949.5714285715
"2025-04-08 00:00:00",332808,75650,5147,0,0,553096.5714285715,643510.2857142857
"2025-04-09 00:00:00",340305,410912,926,0,232738,642729,660378.2857142857
"2025-04-10 00:00:00",1481982,73840,6739,156,127792,820192.8571428572,557678.7142857143
"2025-04-11 00:00:00",542716,77404,7016,0,1624,842432.1428571428,569182.4285714285
"2025-04-12 00:00:00",0,0,0,0,0,763055.4285714285,510638.4285714286
"2025-04-13 00:00:00",0,0,0,0,0,654142.2857142857,447193.71428571426
"2025-04-14 00:00:00",595201,324528,0,0,166914,686343.7142857143,517771.14285714284
"2025-04-15 00:00:00",713730,146513,10114,0,79058,762887.8571428572,605722.4285714285
"2025-04-16 00:00:00",517781,128212,4157,0,0,715068.8571428572,683606.7142857143
"2025-04-17 00:00:00",476317,117397,8864,0,10100,561093,775310.2857142857
"2025-04-18 00:00:00",126335,55440,2639,0,30127,501918.71428571426,795804.2857142857
"2025-04-19 00:00:00",1418719,135030,6227,0,10699,726301.1428571428,1042793.7142857143
"2025-04-20 00:00:00",377436,143050,17756,0,376958,857044.2857142857,1117913.7142857143
"2025-04-21 00:00:00",525722,75457,4744,0,919,788501.2857142857,1206743.2857142857
"2025-04-22 00:00:00",501789,144536,13754,0,40388,752937.2857142857,1139373.4285714286
"2025-04-23 00:00:00",475041,283039,1129,0,0,768517.2857142857,1161403.4285714286
"2025-04-24 00:00:00",779034,266326,8262,0,96217,845254.5714285715,1151344.5714285714
"2025-04-25 00:00:00",1384914,230549,2372,0,10100,1047168.2857142857,1124854.142857143
"2025-04-26 00:00:00",235073,120758,5883,0,11091,876043.8571428572,963347.1428571428
"2025-04-27 00:00:00",810547,66769,1879,0,294625,912989.5714285715,908295.8571428572
"2025-04-28 00:00:00",633949,233264,8089,0,38882,956895.7142857143,938445.1428571428
"2025-04-29 00:00:00",331577,379008,5675,0,2567,959518.7142857143,1012912
"2025-04-30 00:00:00",207940,305173,4088,0,9458,926297.4285714285,879815
"2025-05-01 00:00:00",573229,55440,18424,0,161539,877553.2857142857,789326
"2025-05-02 00:00:00",697062,228531,0,0,0,777218.4285714285,788045
"2025-05-03 00:00:00",131237,21774,8132,0,1090,747136.5714285715,766610.2857142857
"2025-05-04 00:00:00",563095,111975,10430,0,119446,694440.2857142857,814020.4285714285
"2025-05-05 00:00:00",467518,235502,7656,0,50489,672580.2857142857,783583.1428571428
"2025-05-06 00:00:00",482791,245462,23768,0,10714,678852.7142857143,819078.5714285715
"2025-05-07 00:00:00",232920,266414,5294,0,270367,714329.1428571428,909138.5714285715
"2025-05-08 00:00:00",586383,228470,1628,0,0,715450.4285714285,919450.2857142857
"2025-05-09 00:00:00",549569,208332,0,0,0,691494.5714285715,904506.7142857143
"2025-05-10 00:00:00",433107,172988,29937,156,317021,804491.4285714285,918828.5714285715
"2025-05-11 00:00:00",384836,118811,26864,0,0,765286.2857142857,864982
"2025-05-12 00:00:00",433087,170884,0,0,15998,745115.5714285715,757386
"2025-05-13 00:00:00",1061122,155922,0,0,10100,811459.8571428572,640392.4285714285
"2025-05-14 00:00:00",1456123,339570,4239,0,302427,1001083.2857142857,565108.5714285715
"2025-05-15 00:00:00",402636,73826,0,0,3323,952984,536824.7142857143
"2025-05-16 00:00:00",434469,211212,5049,0,127050,955823.8571428572,590912.8571428572
"2025-05-17 00:00:00",301723,175434,6595,0,12785,890585,611996.8571428572
"2025-05-18 00:00:00",494919,125616,14089,0,148442,926664.2857142857,693708.7142857143
"2025-05-19 00:00:00",532208,86239,7503,0,10100,928961.5714285715,631092.4285714285
"2025-05-20 00:00:00",507622,292690,0,0,0,867985.2857142857,625575.2857142857
"2025-05-21 00:00:00",550141,357441,2518,0,0,697662.5714285715,812109.8571428572
"2025-05-22 00:00:00",675060,259309,12523,0,59715,772922.8571428572,893688.5714285715
"2025-05-23 00:00:00",505220,281593,3695,0,1090,774896.7142857143,760483.8571428572
"2025-05-24 00:00:00",115716,406355,3021,0,5897,779818.2857142857,668950.2857142857
"2025-05-25 00:00:00",453590,136449,9732,0,150402,775119.2857142857,633539.2857142857
"2025-05-26 00:00:00",394813,300024,2372,0,105935,798989.8571428572,714286.1428571428
"2025-05-27 00:00:00",31405,68710,2611,0,5897,700177.2857142857,833218.7142857143
"2025-05-28 00:00:00",433223,292450,2372,0,0,674169.4285714285,664017.5714285715
"2025-05-29 00:00:00",928175,109672,2936,0,272492,717979.1428571428,601896.8571428572
"2025-05-30 00:00:00",160969,291072,28482,0,18663,676206.2857142857,759579.1428571428
"2025-05-31 00:00:00",359996,0,4392,0,11091,653990.5714285715,858145.8571428572
"2025-06-01 00:00:00",235089,202264,3690,0,77270,620867.8571428572,888860.8571428572
"2025-06-02 00:00:00",94420,0,10436,0,0,521112.14285714284,822948.7142857143
"2025-06-03 00:00:00",425415,139007,6869,0,106887,602477.2857142857,796165
"2025-06-04 00:00:00",826485,178885,11786,0,107194,659092.4285714285,772287.4285714285
"2025-06-05 00:00:00",409446,240120,9065,0,0,565571.8571428572,861046.8571428572
"2025-06-06 00:00:00",1203065,190550,6471,0,138142,714006.4285714285,757759
"2025-06-07 00:00:00",311795,219272,2590,0,5897,737445.7142857143,764596.1428571428
"2025-06-08 00:00:00",424305,198832,2372,0,39863,758454,806010.4285714285
"2025-06-09 00:00:00",398949,373144,10370,0,107130,870559.2857142857,821216.2857142857
"2025-06-10 00:00:00",403072,91665,2372,0,4149,845284.8571428572,847314.7142857143
"2025-06-11 00:00:00",1179644,161396,11884,0,0,877938.1428571428,849081.4285714285
"2025-06-12 00:00:00",494844,227719,5656,156,212083,918199.2857142857,666381.2857142857
"2025-06-13 00:00:00",1140421,281169,1070,0,107235,917008.8571428572,758961.5714285715
"2025-06-14 00:00:00",221607,8528,2372,156,10699,874695.7142857143,789090.5714285715
"2025-06-15 00:00:00",1196445,420976,33197,0,288118,1056604.7142857143,694414.4285714285
"2025-06-16 00:00:00",269848,335123,5606,0,613,1016833,637922.5714285715
"2025-06-17 00:00:00",347489,20017,2372,0,90482,1010990.4285714285,573578.5714285715
"2025-06-18 00:00:00",589956,78870,18230,0,10100,917309.4285714285,627764.4285714285
"2025-06-19 00:00:00",128252,41017,1510,0,0,807355.1428571428,731888.5714285715
"2025-06-20 00:00:00",527459,202016,4936,0,363273,745610.7142857143,701801.1428571428
"2025-06-21 00:00:00",433710,225802,12383,0,0,806829.5714285715,688920
"2025-06-22 00:00:00",269096,47395,9348,0,201,576444.7142857143,768949.7142857143
"2025-06-23 00:00:00",336427,252716,4744,0,38323,579447.7142857143,756245.8571428572
"2025-06-24 00:00:00",667209,200234,17837,0,553451,719215,773910.7142857143
"2025-06-25 00:00:00",686392,61394,1522,0,10100,728108.1428571428,713652.4285714285
"2025-06-26 00:00:00",597051,144104,6808,156,5758,811407.8571428572,689715.5714285715
"2025-06-27 00:00:00",808201,143961,0,0,283001,831047.7142857143,697124.1428571428
"2025-06-28 00:00:00",0,0,3207,0,130,735539.5714285715,685147.4285714285
"2025-06-29 00:00:00",368256,319238,3729,0,411318,846468.1428571428,734682.2857142857
"2025-06-30 00:00:00",135993,158257,4744,0,307065,842732.2857142857,870773.4285714285
"2025-07-01 00:00:00",637349,7880,4028,0,10100,731393.2857142857,826617
"2025-07-02 00:00:00",772789,215841,2372,0,0,764477.8571428572,811820.7142857143
"2025-07-03 00:00:00",283917,163321,2718,0,300961,764055,782592.7142857143
"2025-07-04 00:00:00",908292,110558,2770,0,0,733548.7142857143,813058.5714285715
"2025-07-05 00:00:00",275908,207443,0,0,1090,802277.8571428572,749949.4285714285
"2025-07-06 00:00:00",213681,0,0,0,0,675297.7142857143,748963.8571428572
"2025-07-07 00:00:00",125020,1566,11650,0,0,608465.7142857143,647061.1428571428
"2025-07-08 00:00:00",557004,72679,10730,0,40605,611560.1428571428,640517.5714285715
"2025-07-09 00:00:00",694622,198600,4750,0,0,598270.2857142857,697646
"2025-07-10 00:00:00",197874,267427,8919,0,122756,576278.8571428572,713464.1428571428
"2025-07-11 00:00:00",181636,108381,5378,0,0,472532.4285714286,668490.4285714285
"2025-07-12 00:00:00",481113,60008,7011,0,93592,495001.5714285714,688154.1428571428
"2025-07-13 00:00:00",1116081,130688,2372,0,0,642924.5714285715,598796.5714285715
"2025-07-14 00:00:00",114571,63195,11655,0,39863,655931.5714285715,667152.8571428572
"2025-07-15 00:00:00",1099666,142216,15616,0,109791,753970.1428571428,811401.8571428572
"2025-07-16 00:00:00",238783,87352,32535,0,14203,678956,857806.7142857143
"2025-07-17 00:00:00",558554,170941,20593,0,538055,777694,937057.7142857143
"2025-07-18 00:00:00",315145,173941,2372,0,19061,808426,920042.2857142857
"2025-07-19 00:00:00",858795,55440,2650,0,52826,855281.1428571428,971850
"2025-07-20 00:00:00",282239,150021,19480,0,10930,742928.1428571428,959610.8571428572
"2025-07-21 00:00:00",352025,0,0,0,127050,778612.2857142857,955796
"2025-07-22 00:00:00",585064,204079,4871,0,6098,697587.2857142857,897904.5714285715
"2025-07-23 00:00:00",489714,210662,7116,0,266432,783451.7142857143,871753.1428571428
"2025-07-24 00:00:00",178323,73437,4744,0,0,636074.5714285715,719000.5714285715
"2025-07-25 00:00:00",453846,317661,0,0,0,673358.4285714285,709080
"2025-07-26 00:00:00",962673,175630,2372,0,0,697781.7142857143,682614.5714285715
"2025-07-27 00:00:00",577237,56079,8439,0,44401,729708.2857142857,650697.5714285715
"2025-07-28 00:00:00",145302,83231,1322,0,124564,711900.5714285715,620336.4285714285
"2025-07-29 00:00:00",288119,159559,2372,0,2196,662205.1428571428,580410.7142857143
"2025-07-30 00:00:00",403058,201619,13405,0,3181,611825,694050.2857142857
"2025-07-31 00:00:00",988847,66491,218,0,127050,744125.4285714285,778895.2857142857
"2025-08-01 00:00:00",254317,414192,19117,0,0,732142.4285714285,758122.5714285715
"2025-08-02 00:00:00",538410,306342,1808,0,87974,702693.8571428572,737291.8571428572
"2025-08-03 00:00:00",410407,261069,5196,0,254761,737733.5714285715,789173.8571428572
"2025-08-04 00:00:00",605440,85310,9138,156,49910,794238.5714285715,819813.4285714285
"2025-08-05 00:00:00",414924,217398,6285,0,102318,835478.2857142857,817861.1428571428
"2025-08-06 00:00:00",206888,349653,4124,0,20201,829707.4285714285,688712
"2025-08-07 00:00:00",791649,84585,3695,0,0,786467.8571428572,677742.7142857143
"2025-08-08 00:00:00",197497,410302,3342,0,42402,781599,673801.8571428572
"2025-08-09 00:00:00",410739,35505,0,0,0,711843.1428571428,633549.1428571428
"2025-08-10 00:00:00",1288639,5666,1587,156,26099,767659.4285714285,578921.4285714285
"2025-08-11 00:00:00",718254,135811,13237,0,10662,785946.5714285715,536304
"2025-08-12 00:00:00",567586,55440,0,0,288526,810322,521778.28571428574
"2025-08-13 00:00:00",525333,173586,2372,0,40450,833303.8571428572,514736.4285714286
"2025-08-14 00:00:00",705364,204072,26105,0,203746,870355,569951.5714285715
"2025-08-15 00:00:00",335350,169833,4744,0,15998,852123.8571428572,689568
"2025-08-16 00:00:00",149040,174040,13794,0,110390,852269.8571428572,698189.8571428572
"2025-08-17 00:00:00",375862,44906,0,0,10302,724972.8571428572,747559.1428571428
"2025-08-18 00:00:00",544272,104379,9881,0,20201,696511.2857142857,812643.2857142857
"2025-08-19 00:00:00",725270,164195,2755,0,561391,773948.4285714285,960608.4285714285
"2025-08-20 00:00:00",874958,0,2372,0,49964,800456.1428571428,975749.1428571428
"2025-08-21 00:00:00",372892,213036,6567,0,0,722342.8571428572,938923.5714285715
"2025-08-22 00:00:00",324190,247217,4744,0,0,729518,857684.2857142857
"2025-08-23 00:00:00",292011,223684,9488,0,47785,747475.7142857143,941999.7142857143
"2025-08-24 00:00:00",154008,227909,1540,0,11140,742265.5714285715,1033547.7142857143
"2025-08-25 00:00:00",744421,358602,9865,0,0,804287.4285714285,995005.1428571428
"2025-08-26 00:00:00",229414,139358,6414,0,2807,650627.7142857143,779480.7142857143
"2025-08-27 00:00:00",278497,245984,9564,0,267120,632609.2857142857,856072.4285714285
"2025-08-28 00:00:00",298546,287337,2372,0,23072,635299.7142857143,837012.2857142857
"2025-08-29 00:00:00",141878,0,24521,156,459973,642496.4285714285,856615.4285714285
"2025-08-30 00:00:00",456740,305836,8488,0,127050,688945.8571428572,833177.7142857143
"2025-08-31 00:00:00",1036235,240582,2039,0,14948,817404,720543.5714285715
"2025-09-01 00:00:00",117375,74177,4402,0,10100,687856.5714285715,657329.2857142857
"2025-09-02 00:00:00",788944,170298,2900,0,271867,810144.4285714285,710756.5714285715
"2025-09-03 00:00:00",761073,132673,11853,0,1127,825224.7142857143,617561.7142857143
"2025-09-04 00:00:00",286727,564894,10972,0,116246,877726.4285714285,630220.8571428572
"2025-09-05 00:00:00",248055,56553,5083,0,16955,834886.2857142857,612619
"2025-09-06 00:00:00",249802,89548,3584,0,0,755574.7142857143,646139.5714285715
"2025-09-07 00:00:00",96709,59750,2301,0,20558,596362.2857142857,692889.2857142857
"2025-09-08 00:00:00",1131665,276690,17705,0,265982,808646.2857142857,718400.5714285715
"2025-09-09 00:00:00",911972,126746,1733,0,116447,797630.4285714285,701652.4285714285
"2025-09-10 00:00:00",319373,55440,14304,0,10100,725129,687071.7142857143
"2025-09-11 00:00:00",385139,227418,11917,0,38169,679958.1428571428,674432.8571428572
"2025-09-12 00:00:00",182306,70366,2372,0,0,669729,760753.8571428572
"2025-09-13 00:00:00",593115,224972,7916,0,305604,782396.5714285715,752748.1428571428
"2025-09-14 00:00:00",461862,20017,2372,0,115718,842489.5714285715,695516.2857142857
"2025-09-15 00:00:00",413935,285411,2372,156,127050,719187,713317.1428571428
"2025-09-16 00:00:00",1363452,0,1630,0,106145,764091.2857142857,748196.5714285715
"2025-09-17 00:00:00",272680,55440,14981,0,10100,757517.5714285715,722847.2857142857
"2025-09-18 00:00:00",588452,431439,0,0,32914,813254.8571428572,732048
"2025-09-19 00:00:00",456813,370129,2764,0,13173,897231.5714285715,574031
"2025-09-20 00:00:00",589836,114459,4744,0,39863,842559.5714285715,499733.4285714286
"2025-09-21 00:00:00",729526,34031,7739,0,186065,893615.7142857143,426153.5714285714
"2025-09-22 00:00:00",1018405,221880,7394,0,116246,970044.2857142857,399116.5714285714
"2025-09-23 00:00:00",212039,204070,18161,0,201,821936.1428571428,822860.2857142857
"2025-09-24 00:00:00",518788,228586,4962,0,5897,879798,893828.5714285715
"2025-09-25 00:00:00",787894,278321,12705,0,11377,885154.1428571428,988837.5714285715
"2025-09-26 00:00:00",237398,180681,7804,0,134314,844770.7142857143,1027977.7142857143
"2025-09-27 00:00:00",253872,177764,8577,0,106145,815835.8571428572,1010242.8571428572
"2025-09-28 00:00:00",399099,236425,4744,0,303120,813839.5714285715,1172589.857142857
"2025-09-29 00:00:00",664328,274154,6178,0,15998,756230.2857142857,1195697.7142857143
"2025-09-30 00:00:00",278484,55440,5159,0,32541,747252.1428571428,831877
"2025-10-01 00:00:00",335953,364796,14806,0,108525,756658.8571428572,726799.1428571428
"2025-10-02 00:00:00",186618,0,1361,0,487926,697460.1428571428,603323.1428571428
"2025-10-03 00:00:00",112266,215033,9307,0,5897,666361.2857142857,602634.1428571428
"2025-10-04 00:00:00",934382,186847,3816,0,10100,750473.7142857143,670187.2857142857
"2025-10-05 00:00:00",178848,251328,143,0,196131,705196.8571428572,541644.4285714285
"2025-10-06 00:00:00",890723,260165,23606,0,4025,736319.7142857143,494589
"2025-10-07 00:00:00",353825,97437,5595,0,5897,749338.4285714285,572853.5714285715
"2025-10-08 00:00:00",171216,312748,5445,0,298029,744103.7142857143,644374.2857142857
"2025-10-09 00:00:00",981102,130216,0,0,40477,812087.8571428572,655052.5714285715
"2025-10-10 00:00:00",483576,129045,13992,0,248790,888216.2857142857,688433.1428571428
"2025-10-11 00:00:00",837276,189541,5293,0,11795,875182,707964
"2025-10-12 00:00:00",769509,110880,25301,2393,416217,974874.7142857143,768792.8571428572
"2025-10-13 00:00:00",289156,110880,21163,0,23728,870075.5714285715,906044.7142857143
"2025-10-14 00:00:00",213429,344432,0,0,0,883662.1428571428,801989.2857142857
"2025-10-15 00:00:00",497692,206308,12574,0,10100,874981.5714285715,898926.1428571428
"2025-10-16 00:00:00",770413,0,8323,0,109316,837303.8571428572,958057.5714285715
"2025-10-17 00:00:00",718426,170747,8958,0,97847,854528.7142857143,925294.4285714285
"2025-10-18 00:00:00",534281,0,4744,0,0,782402.8571428572,796929.7142857143
"2025-10-19 00:00:00",375787,254957,3015,0,253980,720037,709011.1428571428
"2025-10-20 00:00:00",711205,188482,6047,0,84164,797890.2857142857,638497.2857142857
"2025-10-21 00:00:00",403378,357484,2372,0,42525,833304.4285714285,725197.4285714285
"2025-10-22 00:00:00",759740,234227,8189,177,203329,901731.2857142857,634642.1428571428
"2025-10-23 00:00:00",1161918,106209,3834,0,112986,972716.5714285715,642095.2857142857
"2025-10-24 00:00:00",345658,62277,5014,0,0,889426.8571428572,647502
"2025-10-25 00:00:00",62621,86624,6214,0,11725,836306.7142857143,745354.4285714285
"2025-10-26 00:00:00",337760,67504,2372,0,0,767720.7142857143,814529.2857142857
"2025-10-27 00:00:00",221901,165841,6955,0,75812,693522.4285714285,845584.4285714285
"2025-10-28 00:00:00",333923,279428,31866,0,105880,685713.4285714285,710515.1428571428
"2025-10-29 00:00:00",596985,459101,7323,0,46122,671980.4285714285,789412.1428571428
"2025-10-30 00:00:00",288298,21779,10978,0,236626,553799.4285714285,829080
"2025-10-31 00:00:00",107163,70350,4393,0,10455,522287,963934.8571428572
"2025-11-01 00:00:00",485556,103299,5431,0,267993,621586.4285714285,950862.7142857143
"2025-11-02 00:00:00",129012,95978,4744,0,0,596171.8571428572,964174.4285714285
"2025-11-03 00:00:00",634929,240178,4201,0,106145,669735.1428571428,977025.8571428572
"2025-11-04 00:00:00",912347,6659,2372,0,172853,718754.2857142857,943119.2857142857
"2025-11-05 00:00:00",270471,172897,8015,0,3453,625226.7142857143,915543.2857142857
"2025-11-06 00:00:00",796344,211362,4885,0,94911,703772.5714285715,815630.4285714285
"2025-11-07 00:00:00",276646,174593,14752,0,217520,773936.8571428572,747555.8571428572
"2025-11-08 00:00:00",220057,74171,0,0,11272,694396.8571428572,839434.7142857143
"2025-11-09 00:00:00",203349,124405,13617,0,389545,765994.2857142857,894089
"2025-11-10 00:00:00",568397,127837,25041,0,39339,733874.2857142857,779732.8571428572
"2025-11-11 00:00:00",256431,74095,5959,0,93801,639025.1428571428,813742.4285714285
"2025-11-12 00:00:00",370052,250256,5128,0,0,663396.1428571428,721840.5714285715
"2025-11-13 00:00:00",775356,192230,19073,0,7720,647235.5714285715,751065.1428571428
"2025-11-14 00:00:00",589152,142189,10558,0,18726,658251.7142857143,731780
"2025-11-15 00:00:00",1387641,201862,9426,0,10100,844470.4285714285,612555.7142857143
"2025-11-16 00:00:00",170712,55440,1221,0,0,772535.5714285715,545000.8571428572
"2025-11-17 00:00:00",318597,47930,0,0,384365,771146.7142857143,619527.7142857143
"2025-11-18 00:00:00",951565,87266,2119,0,188129,885260,578897.1428571428
"2025-11-19 00:00:00",601037,201531,6067,0,30637,915808.1428571428,609382.4285714285
"2025-11-20 00:00:00",498774,112371,26314,0,10100,866262.7142857143,592301.4285714285
"2025-11-21 00:00:00",835762,247035,381,0,284446,952977,711478
"2025-11-22 00:00:00",779852,131333,7212,0,13626,856261.5714285715,740826.2857142857
"2025-11-23 00:00:00",179085,256516,4145,0,20201,889486.7142857143,768608.2857142857
"2025-11-24 00:00:00",129012,75927,1259,0,271613,850475.2857142857,788612.4285714285
"2025-11-25 00:00:00",239213,116586,13454,0,112043,743649,828292.1428571428
"2025-11-26 00:00:00",202637,99897,0,156,5897,667837,792678
"2025-11-27 00:00:00",119591,232137,5465,0,97441,640276.1428571428,778334.8571428572
"2025-11-28 00:00:00",828038,194917,0,0,0,591037.4285714285,702982.5714285715
"2025-11-29 00:00:00",333070,288535,20323,0,742,549701.2857142857,682384.1428571428
"2025-11-30 00:00:00",859874,127821,5158,0,140583,645913.8571428572,700808.5714285715
"2025-12-01 00:00:00",614020,55440,10916,0,351154,725016.4285714285,657941.4285714285
"2025-12-02 00:00:00",207939,55440,5763,0,0,694708.5714285715,723880.7142857143
"2025-12-03 00:00:00",572442,278420,2133,0,10100,773924,846280.5714285715
"2025-12-04 00:00:00",610540,0,15487,0,422585,858778,848227.8571428572
"2025-12-05 00:00:00",562639,19244,1504,0,10440,797474.1428571428,788387.4285714285
"2025-12-06 00:00:00",472271,84340,4744,0,266816,823974.5714285715,761288.5714285715
"2025-12-07 00:00:00",189399,0,0,0,0,689112,741434.1428571428
"2025-12-08 00:00:00",274334,20017,5144,0,39863,590230.4285714285,751199.8571428572
"2025-12-09 00:00:00",375456,0,9890,0,357313,657875.8571428572,658252.4285714285
"2025-12-10 00:00:00",690591,281860,0,0,10100,674940.8571428572,528728.2857142857
"2025-12-11 00:00:00",354099,55254,14385,0,0,585673.1428571428,532626.5714285715
"2025-12-12 00:00:00",282936,132498,4621,0,18567,563501.1428571428,560710.5714285715
"2025-12-13 00:00:00",121523,190719,7871,0,111068,506788,582801.8571428572
"2025-12-14 00:00:00",956362,72666,600,0,185353,653299.8571428572,591093.8571428572
"2025-12-15 00:00:00",254924,311157,13489,0,48559,694552.7142857143,635223.8571428572
"2025-12-16 00:00:00",450517,83974,0,0,295210,706987.2857142857,747863.4285714285
"2025-12-17 00:00:00",173448,83719,7116,0,130201,622977.8571428572,757573
"2025-12-18 00:00:00",628166,144188,2851,0,76601,684130.4285714285,784022
"2025-12-19 00:00:00",769081,0,20851,0,0,734317.4285714285,713172
"2025-12-20 00:00:00",106429,140992,11334,0,358545,760905.8571428572,734616.5714285715
"2025-12-21 00:00:00",375196,139480,3695,0,173977,686244,723576.8571428572
"2025-12-22 00:00:00",58369,206752,2372,0,0,634724.5714285715,727649.4285714285
"2025-12-23 00:00:00",360268,185746,27684,0,186276,624763.5714285715,621138
"2025-12-24 00:00:00",103668,137100,9653,0,276218,643642.7142857143,760342.5714285715
"2025-12-25 00:00:00",699828,301140,10183,0,0,666406.2857142857,703361.7142857143
"2025-12-26 00:00:00",452305,227909,0,0,351,650782.4285714285,696357.1428571428
"2025-12-27 00:00:00",179214,128027,643,0,0,606580.1428571428,744183
"2025-12-28 00:00:00",139824,171292,6223,0,271635,591812.5714285715,746589.7142857143
"2025-12-29 00:00:00",374376,175623,28261,0,137151,655801,661822.5714285715
"2025-12-30 00:00:00",1013625,55440,23792,0,49964,710493.5714285715,731587
"2025-12-31 00:00:00",694468,346579,970,0,277915,823821.1428571428,672020.8571428572
"2026-01-01 00:00:00",1238405,72830,7911,0,0,867820.4285714285,701502.1428571428
"2026-01-02 00:00:00",357310,0,2355,0,0,821977.5714285715,790197.4285714285
"2026-01-03 00:00:00",722838,328315,0,0,201,928187.5714285715,722591
"2026-01-04 00:00:00",173240,173531,13189,0,10100,896914.2857142857,743008
"2026-01-05 00:00:00",483862,205370,14843,0,147482,916363.7142857143,787382
"2026-01-06 00:00:00",856087,2389,2372,0,5897,876924.1428571428,719374.8571428572
"2026-01-07 00:00:00",279628,136078,27086,0,153304,773519.1428571428,747396
"2026-01-08 00:00:00",1062141,74804,0,0,52557,754998.7142857143,850502.1428571428
"2026-01-09 00:00:00",191863,85199,12141,0,0,744932.8571428572,765152.7142857143
"2026-01-10 00:00:00",255346,52219,2372,0,0,639016.1428571428,809727.8571428572
"2026-01-11 00:00:00",1055649,336210,6918,0,141255,806154.7142857143,805657.1428571428
"2026-01-12 00:00:00",308567,99489,10766,0,10100,745778.2857142857,819045.7142857143
"2026-01-13 00:00:00",591478,231894,4936,6330,201,741220.2857142857,812790.5714285715
"2026-01-14 00:00:00",222273,193439,8016,0,162963,739876.7142857143,783598.4285714285
"2026-01-15 00:00:00",522473,114469,38448,0,39863,672126.8571428572,688883.4285714285
"2026-01-16 00:00:00",109440,272816,6178,0,0,686302.5714285715,677498.7142857143
"2026-01-17 00:00:00",535918,130897,8060,0,436687,800820.5714285715,659406.4285714285
"2026-01-18 00:00:00",226445,290294,2372,0,0,654974.7142857143,725864.4285714285
"2026-01-19 00:00:00",106921,88577,218,0,0,621659.2857142857,688449.1428571428
"2026-01-20 00:00:00",532332,262614,5295,0,15998,619002.1428571428,662428
"2026-01-21 00:00:00",574778,110880,9488,0,5258,635246.7142857143,662463
"2026-01-22 00:00:00",296312,196914,965,0,23861,607075,619237.2857142857
"2026-01-23 00:00:00",444997,231772,3140,0,6132,649590.4285714285,681062.4285714285
"2026-01-24 00:00:00",264594,233907,0,0,8139,563172.8571428572,696791.7142857143
"2026-01-25 00:00:00",283150,112016,7217,0,0,546497.4285714285,610072.8571428572
"2026-01-26 00:00:00",715861,268936,19846,0,0,662058.5714285715,579984.4285714285
"2026-01-27 00:00:00",539818,244444,16149,0,0,659797.5714285715,580464.4285714285
"2026-01-28 00:00:00",217866,0,2372,0,105327,606249.1428571428,626436.7142857143
"2026-01-29 00:00:00",1283021,351359,15272,0,432242,829655.1428571428,645115.8571428572
"2026-01-30 00:00:00",308228,0,4438,0,10100,777758.5714285715,660044.2857142857
"2026-01-31 00:00:00",138139,434679,4744,0,10100,789333.1428571428,620081.2857142857
"2026-02-01 00:00:00",388062,103751,21368,0,281555,845383.5714285715,673421.8571428572
"2026-02-02 00:00:00",85326,392764,9300,0,20558,774427.1428571428,818173.1428571428
"2026-02-03 00:00:00",216228,2225,2372,0,141472,711839.4285714285,882774.4285714285
"2026-02-04 00:00:00",659751,0,7210,0,157510,783111.7142857143,794276.7142857143
"2026-02-05 00:00:00",512617,185824,8797,0,0,586732.2857142857,822915.2857142857
"2026-02-06 00:00:00",283767,0,6067,0,5897,582870.1428571428,747779.7142857143
"2026-02-07 00:00:00",378235,82480,803,0,0,564849.5714285715,801036.8571428572
"2026-02-08 00:00:00",347792,0,4823,0,0,501689.28571428574,773795.4285714285
"2026-02-09 00:00:00",772345,118465,35539,0,613,561548.5714285715,658754.2857142857
"2026-02-10 00:00:00",147245,7191,1305,0,32031,536616.2857142857,767529.7142857143
"2026-02-11 00:00:00",810317,266755,4539,0,49964,580488.4285714285,773460.1428571428
"2026-02-12 00:00:00",445932,220575,297,0,117,574728.8571428572,735217.1428571428
"2026-02-13 00:00:00",542579,141471,7252,0,273494,670309.5714285715,787195.7142857143
"2026-02-14 00:00:00",38616,990,604,0,0,610122.8571428572,709765.1428571428
"2026-02-15 00:00:00",578788,256731,15245,0,0,681287.1428571428,836428.1428571428
"2026-02-16 00:00:00",341510,172383,13637,0,114356,640562,876858.8571428572
"2026-02-17 00:00:00",739959,303730,0,0,10334,764312.1428571428,805575.8571428572
"2026-02-18 00:00:00",63387,96529,0,0,30215,629819.8571428572,825586.8571428572
"2026-02-19 00:00:00",601035,215827,4498,0,70017,661885,832154.8571428572
"2026-02-20 00:00:00",716239,219404,0,0,0,657720.1428571428,833495.1428571428
"2026-02-21 00:00:00",409141,246391,14314,0,221365,779291.5714285715,891880.5714285715
"2026-02-22 00:00:00",438263,173689,13732,0,276071,786576.1428571428,792438.8571428572
"2026-02-23 00:00:00",815366,10414,2372,0,0,813185.4285714285,733160.1428571428
"2026-02-24 00:00:00",818744,83717,0,0,90428,804451.8571428572,647669.7142857143
"2026-02-25 00:00:00",360097,204899,6574,0,94365,872424.1428571428,629715
"2026-02-26 00:00:00",1678475,282060,7942,0,613,1026383.1428571428,624759.2857142857
"2026-02-27 00:00:00",1170450,241533,30170,828,0,1098860.2857142857,601970
"2026-02-28 00:00:00",531755,2335,14707,0,305392,1093571.4285714286,501558
"2026-03-01 00:00:00",665779,170902,4056,177,0,1084879.5714285714,423272
"2026-03-02 00:00:00",271259,87533,7116,0,0,1018844.8571428572,383742.85714285716
"2026-03-03 00:00:00",846851,165637,2372,0,40388,1027753.4285714285,468694.5714285714
"2026-03-04 00:00:00",518624,224198,35849,0,11130,1045448.5714285715,518390.28571428574
"2026-03-05 00:00:00",258681,76279,4592,0,0,812657.4285714285,616826.2857142857
"2026-03-06 00:00:00",379840,116970,2372,177,10100,679297.1428571428,601045.4285714285
"2026-03-07 00:00:00",1000733,311337,2514,0,45513,751569.7142857143,703389.2857142857
"2026-03-08 00:00:00",505282,144532,3151,0,10100,726163,796125.4285714285
"2026-03-09 00:00:00",267410,51115,4233,0,7007,720999.7142857143,825723.2857142857
"2026-03-10 00:00:00",488235,47072,4831,0,2008,647699.5714285715,770086
"2026-03-11 00:00:00",248115,189737,10658,177,16894,601382.4285714285,717050.4285714285
"2026-03-12 00:00:00",891513,172806,9739,0,129848,724861.5714285715,618031.2857142857
"2026-03-13 00:00:00",1196235,263906,12031,177,0,862417.1428571428,749719.2857142857
"2026-03-14 00:00:00",1100581,0,9666,0,100854,841131.8571428572,832989
"2026-03-15 00:00:00",834999,227895,2372,177,1758,898865.4285714285,780079
"2026-03-16 00:00:00",319186,139966,2320,0,169780,941935,826258.2857142857
"2026-03-17 00:00:00",365104,55440,11151,0,15998,928441.5714285715,818107.5714285715
"2026-03-18 00:00:00",293137,0,7162,0,12920,906675.4285714285,805882.1428571428
"2026-03-19 00:00:00",135514,216887,19413,0,10100,789248,837582.7142857143
"2026-03-20 00:00:00",313948,20017,0,0,272947,665614.1428571428,757331.5714285715
"2026-03-21 00:00:00",317824,128459,0,0,0,556354.5714285715,701904.2857142857
"2026-03-22 00:00:00",282239,122028,27527,1149,742,465852.28571428574,669216
"2026-03-23 00:00:00",711943,171670,0,0,167611,525848.1428571428,632394.7142857143
"2026-03-24 00:00:00",992711,0,2372,0,5897,604889.1428571428,657797.1428571428
"2026-03-25 00:00:00",262545,0,0,1149,0,597814,769361.7142857143
"2026-03-26 00:00:00",405170,454660,29889,0,10699,671886.1428571428,882639.8571428572
"2026-03-27 00:00:00",706629,98127,4351,0,5897,701613.7142857143,900833.4285714285
"2026-03-28 00:00:00",411301,181385,15403,0,131644,743535.1428571428,903132.5714285715
"2026-03-29 00:00:00",136883,24572,20313,0,2229,707865.4285714285,942444.8571428572
"2026-03-30 00:00:00",586320,296164,0,0,0,683759.7142857143,915210.1428571428
"2026-03-31 00:00:00",610497,197298,6680,0,0,657116.1428571428,885829.4285714285
"2026-04-01 00:00:00",151235,0,2232,0,0,641369.5714285715,785091.5714285715
"2026-04-02 00:00:00",1622602,204658,0,0,0,773775.2857142857,635149
"2026-04-03 00:00:00",242240,22987,2372,0,221610,727233,568223.8571428572
"2026-04-04 00:00:00",1331009,225437,0,0,3619,844423.1428571428,503322.14285714284
"2026-04-05 00:00:00",1350867,191514,5030,0,0,1039196.5714285715,462817.4285714286
"2026-04-06 00:00:00",250946,15173,10930,0,12573,954502.2857142857,533670.4285714285
"2026-04-07 00:00:00",688766,0,25837,0,3038,940669,584548.5714285715
"2026-04-08 00:00:00",908165,200999,5128,0,12898,1079772.2857142857,553096.5714285715
"2026-04-09 00:00:00",330377,133225,14543,0,0,887041.5714285715,642729
"2026-04-10 00:00:00",781081,63412,6838,0,0,938773.2857142857,820192.8571428572
"2026-04-11 00:00:00",316981,252519,11799,0,128675,817332,842432.1428571428
"2026-04-12 00:00:00",480421,89079,0,0,0,677630.4285714285,763055.4285714285
"2026-04-13 00:00:00",339048,98817,2938,0,273770,738337.4285714285,654142.2857142857
"2026-04-14 00:00:00",405828,0,357,0,15998,696129.1428571428,686343.7142857143
"2026-04-15 00:00:00",803574,64624,10941,0,113386,676891.2857142857,762887.8571428572
"2026-04-16 00:00:00",249580,134904,8320,0,742,664806,715068.8571428572
"2026-04-17 00:00:00",31909,85290,0,156,126347,578001.8571428572,561093
"2026-04-18 00:00:00",55567,0,0,0,98073,498525.4285714286,501918.71428571426
"2026-04-19 00:00:00",31909,234054,3768,0,0,455701.28571428574,726301.1428571428
"2026-04-20 00:00:00",290292,295569,3011,0,107770,453139.71428571426,857044.2857142857
"2026-04-21 00:00:00",534069,298840,38819,0,116246,533967,788501.2857142857
"2026-04-22 00:00:00",843481,21802,6195,0,0,516674.5714285714,752937.2857142857
"2026-04-23 00:00:00",724018,304090,0,0,0,607326,768517.2857142857
"2026-04-24 00:00:00",365859,156691,12613,0,10100,650406.1428571428,845254.5714285715
"2026-04-25 00:00:00",145477,233939,0,0,0,682659.8571428572,1047168.2857142857
"2026-04-26 00:00:00",333787,170673,3265,156,10440,718172.8571428572,876043.8571428572
"2026-04-27 00:00:00",546444,260271,8237,0,106351,750267.4285714285,912989.5714285715
"2026-04-28 00:00:00",652235,0,13299,0,10100,705647.4285714285,956895.7142857143
"2026-04-29 00:00:00",90078,246482,0,0,0,629230.4285714285,959518.7142857143
"2026-04-30 00:00:00",399928,202580,2962,0,128675,587236,926297.4285714285
"2026-05-01 00:00:00",115243,87756,2248,0,36727,543909,877553.2857142857
"2026-05-02 00:00:00",239382,199374,11340,0,0,554006,777218.4285714285
"2026-05-03 00:00:00",444127,1478,4528,0,0,544264.7142857143,747136.5714285715
"2026-05-04 00:00:00",278241,173532,10156,0,3021,479071.4285714286,694440.2857142857
"2026-05-05 00:00:00",411765,203272,3100,0,127050,489007.5714285714,672580.2857142857
"2026-05-06 00:00:00",412023,165602,0,0,1758,523696.71428571426,678852.7142857143
"2026-05-07 00:00:00",969771,258235,10442,0,0,595739.7142857143,714329.1428571428
"2026-05-08 00:00:00",143353,0,0,156,0,581673.1428571428,715450.4285714285
"2026-05-09 00:00:00",580076,215940,16513,0,196664,661544.4285714285,691494.5714285715
"2026-05-10 00:00:00",608146,22578,7519,0,8562,689640.5714285715,804491.4285714285
"2026-05-11 00:00:00",207644,351541,0,0,0,703102.5714285715,765286.2857142857
"2026-05-12 00:00:00",0,0,0,0,0,596647,745115.5714285715
"2026-05-13 00:00:00",365236,87808,33480,0,168987,607522.5714285715,811459.8571428572
"2026-05-14 00:00:00",927572,62598,2923,0,122161,589923.5714285715,1001083.2857142857
"2026-05-15 00:00:00",2433188,336477,12666,0,0,966898.2857142857,952984
"2026-05-16 00:00:00",641371,27095,0,0,0,918222.8571428572,955823.8571428572
"2026-05-17 00:00:00",443238,266656,0,3419,0,927723.8571428572,890585
"2026-05-18 00:00:00",508584,72915,4564,0,0,931563.7142857143,926664.2857142857
"2026-05-19 00:00:00",350107,248066,18620,0,234095,1053119.4285714286,928961.5714285715
"2026-05-20 00:00:00",710465,122048,17788,0,40388,1086716.142857143,867985.2857142857
"2026-05-21 00:00:00",71676,34193,14654,0,2573,944979.4285714285,697662.5714285715
"2026-05-22 00:00:00",884651,182795,416,0,0,700055.2857142857,772922.8571428572
"2026-05-23 00:00:00",71676,64670,0,0,4054,624617.2857142857,774896.7142857143
"2026-05-24 00:00:00",178920,142743,13209,903,0,570683.2857142857,779818.2857142857
"2026-05-25 00:00:00",35838,144532,11695,0,239975,548680,775119.2857142857
"2026-05-26 00:00:00",704835,166226,3695,0,0,552089.4285714285,798989.8571428572
"2026-05-27 00:00:00",590640,378700,7685,0,49935,571556.7142857143,700177.2857142857
"2026-05-28 00:00:00",665050,5483,0,0,11268,651371.4285714285,674169.4285714285
"2026-05-29 00:00:00",53678,492321,2995,0,127050,595397.4285714285,717979.1428571428
"2026-05-30 00:00:00",107514,178032,16998,0,106362,633755.5714285715,676206.2857142857
"2026-05-31 00:00:00",528744,171474,15189,0,55833,695964.8571428572,653990.5714285715
"2026-06-01 00:00:00",461902,3498,33743,0,10100,706993.7142857143,620867.8571428572
"2026-06-02 00:00:00",221345,129581,23786,0,1537,635778.7142857143,521112.14285714284
"2026-06-03 00:00:00",292870,297248,2372,0,224773,605822,602477.2857142857
"2026-06-04 00:00:00",402726,110880,5295,0,1624,582782.5714285715,659092.4285714285
"2026-06-05 00:00:00",374121,253974,11618,0,0,577592.4285714285,565571.8571428572
"2026-06-06 00:00:00",498625,72138,3588,0,0,601227.2857142857,714006.4285714285
"2026-06-07 00:00:00",652058,239015,0,0,0,618346.2857142857,737445.7142857143
"2026-06-08 00:00:00",200115,126392,8074,0,19,593397.2857142857,758454
"2026-06-09 00:00:00",315572,317802,0,0,145107,650858.8571428572,870559.2857142857
"2026-06-10 00:00:00",642900,54492,2372,0,0,634073.1428571428,845284.8571428572
"2026-06-11 00:00:00",419772,130651,16080,0,10100,642084.5714285715,877938.1428571428
"2026-06-12 00:00:00",276150,204804,6142,0,0,620282.1428571428,918199.2857142857
"2026-06-13 00:00:00",465659,0,189,0,0,604781.7142857143,917008.8571428572
"2026-06-14 00:00:00",154304,298867,7698,0,23610,546697,874695.7142857143
"2026-06-15 00:00:00",498290,97252,7555,0,102595,599710.2857142857,1056604.7142857143
"2026-06-16 00:00:00",535795,241473,2347,0,0,599872.2857142857,1016833
"2026-06-17 00:00:00",107514,358911,27920,0,3383,571010.1428571428,1010990.4285714285
"2026-06-18 00:00:00",501940,55440,0,0,0,568263.7142857143,917309.4285714285
"2026-06-19 00:00:00",1693978,0,18869,0,23409,746715,807355.1428571428
"2026-06-20 00:00:00",0,173940,10285,0,10100,707926,745610.7142857143
"2026-06-21 00:00:00",326856,74582,0,0,0,696062.7142857143,806829.5714285715
"2026-06-22 00:00:00",431444,55440,13017,0,8562,667887,576444.7142857143
"2026-06-23 00:00:00",157320,332233,8582,0,0,627675.5714285715,579447.7142857143
"2026-06-24 00:00:00",988029,117766,2372,0,140577,734963.7142857143,719215
"2026-06-25 00:00:00",102026,140459,581,0,11795,691747,728108.1428571428
"2026-06-26 00:00:00",392878,55440,0,0,742,507861.85714285716,811407.8571428572
"2026-06-27 00:00:00",197623,198468,5394,0,0,537456,831047.7142857143
"2026-06-28 00:00:00",758387,267656,0,0,0,626685.4285714285,735539.5714285715
"2026-06-29 00:00:00",273426,278235,6163,0,148153,654901.7142857143,846468.1428571428
"2026-06-30 00:00:00",682918,174902,0,0,150164,727737.2857142857,842732.2857142857
"2026-07-01 00:00:00",58771,193470,0,0,0,585379.5714285715,731393.2857142857
"2026-07-02 00:00:00",567552,70974,0,0,10100,641631.7142857143,764477.8571428572
"2026-07-03 00:00:00",324592,55440,13773,156,20299,636660.4285714285,764055